10900628104: (10718495136): TRACE_END: TRACEBIGSIM [0] angle 1 7672  1.856838 1.862369
10946248895: (10756394224): TRACE_END: TRACEBIGSIM [0] diherals 1 16906  1.862398 1.873776
10953320547: (10765805619): TRACE_END: TRACEBIGSIM [0] calc_self_energy START 298 298 10 2 2 10 2 2 1.874867 276123344 0 276068040 511 0 1 2743480
10954310772: (10766552881): TRACE_END: TRACEBIGSIM [0] angle 1 338  1.875646 1.875799
10955161105: (10767272592): TRACE_END: TRACEBIGSIM [0] diherals 1 380  1.875819 1.876012
10956614321: (10769665974): TRACE_END: TRACEBIGSIM [0] calc_pair_energy START 298 268 10 2 2 10 3 2 1.876045 314592936 0 26 0 0 1 1325218
10960663254: (10777350204): TRACE_END: TRACEBIGSIM [0] calc_pair_energy START 298 310 10 2 2 11 2 2 1.876422 314592936 0 26 0 0 1 3864262
10962022386: (10779666024): TRACE_END: TRACEBIGSIM [0] calc_pair_energy START 298 337 10 2 2 11 3 2 1.877434 314592936 0 26 0 0 1 1174929
10962427998: (10780231852): TRACE_END: TRACEBIGSIM [0] calc_pair_energy START 298 255 10 2 2 12 3 2 1.877775 314592936 0 26 0 0 1 221141
10963186640: (10781438756): TRACE_END: TRACEBIGSIM [0] calc_pair_energy START 336 298 8 2 2 10 2 2 1.877876 314592936 0 26 0 0 1 576494
10966608330: (10788133987): TRACE_END: TRACEBIGSIM [0] calc_pair_energy START 298 298 9 2 2 10 2 2 1.878064 314592936 0 26 0 0 1 3241707
10967033652: (10788812207): TRACE_END: TRACEBIGSIM [0] calc_pair_energy START 298 319 10 2 2 8 3 2 1.878921 314592936 0 26 0 0 1 241434
10968201376: (10790958846): TRACE_END: TRACEBIGSIM [0] calc_pair_energy START 298 326 10 2 2 9 3 2 1.879027 314592936 0 26 0 0 1 987915
10968600987: (10791560535): TRACE_END: TRACEBIGSIM [0] calc_pair_energy START 291 298 8 1 2 10 2 2 1.879319 314592936 0 26 0 0 1 219856
10969577183: (10793267845): TRACE_END: TRACEBIGSIM [0] calc_pair_energy START 325 298 9 1 2 10 2 2 1.879419 314592936 0 26 0 0 1 796488
10971064855: (10795869070): TRACE_END: TRACEBIGSIM [0] calc_pair_energy START 301 298 10 1 2 10 2 2 1.879662 314592936 0 26 0 0 1 1308058
10972090738: (10797606861): TRACE_END: TRACEBIGSIM [0] calc_pair_energy START 248 298 11 1 2 10 2 2 1.880036 314592936 0 26 0 0 1 841579
10972497431: (10798229440): TRACE_END: TRACEBIGSIM [0] calc_pair_energy START 306 298 12 1 2 10 2 2 1.880291 314592936 0 26 0 0 1 224646
10973189305: (10799283666): TRACE_END: TRACEBIGSIM [0] calc_pair_energy START 298 249 10 2 2 12 2 2 1.880393 314592936 0 26 0 0 1 509894
10973666507: (10799982749): TRACE_END: TRACEBIGSIM [0] calc_pair_energy START 298 273 10 2 2 11 3 3 1.880566 314592936 0 26 0 0 1 295286
10976182247: (10804944910): TRACE_END: TRACEBIGSIM [0] calc_self_energy START 294 294 11 3 1 11 3 1 1.880686 79626329 1075213004 320485347 1074678723 0 1 2330368
10977515775: (10807195756): TRACE_END: TRACEBIGSIM [0] calc_pair_energy START 291 294 11 3 0 11 3 1 1.881329 368346208 0 368346208 0 0 1 1092607
10978120131: (10808132751): TRACE_END: TRACEBIGSIM [0] calc_pair_energy START 309 294 11 4 0 11 3 1 1.881653 368346208 0 368346208 0 0 1 402728
10978481515: (10808712212): TRACE_END: TRACEBIGSIM [0] calc_pair_energy START 294 298 11 3 1 9 2 2 1.881803 368346208 0 368346208 0 0 1 162521
10978946174: (10809453867): TRACE_END: TRACEBIGSIM [0] calc_pair_energy START 294 298 11 3 1 10 2 2 1.881893 368346208 0 368346208 0 0 1 268351
10979565723: (10810452396): TRACE_END: TRACEBIGSIM [0] calc_pair_energy START 294 310 11 3 1 11 2 2 1.882010 368346208 0 368346208 0 0 1 421034
10979949767: (10811030295): TRACE_END: TRACEBIGSIM [0] calc_pair_energy START 294 249 11 3 1 12 2 2 1.882164 368346208 0 368346208 0 0 1 185609
10980308030: (10811544106): TRACE_END: TRACEBIGSIM [0] calc_pair_energy START 294 261 11 3 1 0 2 2 1.882261 368346208 0 368346208 0 0 1 159676
10980742870: (10812225968): TRACE_END: TRACEBIGSIM [0] calc_pair_energy START 294 326 11 3 1 9 3 2 1.882350 368346208 0 368346208 0 0 1 238656
10981827746: (10813955843): TRACE_END: TRACEBIGSIM [0] calc_pair_energy START 294 268 11 3 1 10 3 2 1.882459 368346208 0 368346208 0 0 1 888422
10983523842: (10816947635): TRACE_END: TRACEBIGSIM [0] calc_pair_energy START 294 337 11 3 1 11 3 2 1.882731 368346208 0 368346208 0 0 1 1497313
10984411520: (10818393331): TRACE_END: TRACEBIGSIM [0] calc_pair_energy START 294 255 11 3 1 12 3 2 1.883155 368346208 0 368346208 0 0 1 686930
10984827590: (10818988266): TRACE_END: TRACEBIGSIM [0] calc_pair_energy START 294 280 11 3 1 0 3 2 1.883376 368346208 0 368346208 0 0 1 217379
10985211187: (10819616797): TRACE_END: TRACEBIGSIM [0] calc_pair_energy START 294 298 11 3 1 9 4 2 1.883479 368346208 0 368346208 0 0 1 187455
10985735765: (10820477865): TRACE_END: TRACEBIGSIM [0] calc_pair_energy START 294 340 11 3 1 10 4 2 1.883576 368346208 0 368346208 0 0 1 328351
10986322368: (10821347019): TRACE_END: TRACEBIGSIM [0] calc_pair_energy START 294 259 11 3 1 11 4 2 1.883709 368346208 0 368346208 0 0 1 384678
10986806462: (10822086068): TRACE_END: TRACEBIGSIM [0] calc_pair_energy START 294 306 11 3 1 12 4 2 1.883855 368346208 0 368346208 0 0 1 285583
10987179104: (10822631529): TRACE_END: TRACEBIGSIM [0] calc_pair_energy START 294 288 11 3 1 0 4 2 1.883976 368346208 0 368346208 0 0 1 173710
10987832366: (10823159800): TRACE_END: TRACEBIGSIM [0] angle 1 158  1.884103 1.884182
10988160649: (10823415081): TRACE_END: TRACEBIGSIM [0] diherals 1 95  1.884200 1.88426
10989637462: (10825808592): TRACE_END: TRACEBIGSIM [0] calc_pair_energy START 294 258 11 3 1 11 4 1 1.884296 313981176 0 26 0 0 1 1353902
10991924155: (10830527473): TRACE_END: TRACEBIGSIM [0] calc_self_energy START 291 291 12 4 0 12 4 0 1.884681 -2139609795 -1070384156 -158933149 1074105120 0 1 2098488
10993011737: (10832251104): TRACE_END: TRACEBIGSIM [0] calc_pair_energy START 291 291 11 3 0 12 4 0 1.885269 368508384 0 368508384 0 0 1 834774
10996514025: (10838953967): TRACE_END: TRACEBIGSIM [0] calc_pair_energy START 309 291 11 4 0 12 4 0 1.885528 368508384 0 368508384 0 0 1 3303579
10996951303: (10839635947): TRACE_END: TRACEBIGSIM [0] calc_pair_energy START 291 294 12 4 0 11 3 1 1.886403 368508384 0 368508384 0 0 1 236315
10997691902: (10840842743): TRACE_END: TRACEBIGSIM [0] calc_pair_energy START 291 258 12 4 0 11 4 1 1.886512 368508384 0 368508384 0 0 1 541990
10998115247: (10841467090): TRACE_END: TRACEBIGSIM [0] calc_pair_energy START 273 291 11 3 3 12 4 0 1.886699 368508384 0 368508384 0 0 1 221542
10999161845: (10843198339): TRACE_END: TRACEBIGSIM [0] calc_pair_energy START 315 291 11 4 3 12 4 0 1.886804 368508384 0 368508384 0 0 1 847779
11000595249: (10845728520): TRACE_END: TRACEBIGSIM [0] calc_pair_energy START 300 291 12 4 3 12 4 0 1.887066 368508384 0 368508384 0 0 1 1234749
11001103246: (10846171294): TRACE_END: TRACEBIGSIM [0] angle 1 97  1.887456 1.887501
11001202192: (10846259943): TRACE_END: TRACEBIGSIM [0] diherals 1 0  1.887519 1.887526
11002418659: (10848414855): TRACE_END: TRACEBIGSIM [0] calc_pair_energy START 291 294 12 4 0 12 4 1 1.887552 315593352 0 26 0 0 1 1116016
11003453483: (10850076588): TRACE_END: TRACEBIGSIM [0] calc_pair_energy START 294 294 11 3 1 12 4 1 1.887877 315593352 0 26 0 0 1 850202
11004393702: (10851538615): TRACE_END: TRACEBIGSIM [0] calc_pair_energy START 312 291 0 4 3 12 4 0 1.888134 315593352 0 26 0 0 1 758142
11004748768: (10852084110): TRACE_END: TRACEBIGSIM [0] calc_pair_energy START 303 294 0 4 0 11 3 1 1.888369 315593352 0 26 0 0 1 175296
11008351158: (10858842827): TRACE_END: TRACEBIGSIM [0] calc_pair_energy START 291 303 12 4 0 0 4 0 1.888458 315593352 0 26 0 0 1 3422496
11009191706: (10860160954): TRACE_END: TRACEBIGSIM [0] calc_pair_energy START 291 279 12 4 0 0 4 1 1.889359 315593352 0 26 0 0 1 658628
11009552449: (10860724133): TRACE_END: TRACEBIGSIM [0] calc_pair_energy START 294 279 11 3 1 0 4 1 1.889569 315593352 0 26 0 0 1 181021
11009944825: (10861290402): TRACE_END: TRACEBIGSIM [0] calc_pair_energy START 294 291 1 4 3 12 4 0 1.889659 315593352 0 26 0 0 1 210829
11010632576: (10862230425): TRACE_END: TRACEBIGSIM [0] calc_pair_energy START 291 279 12 4 0 1 4 0 1.889757 315593352 0 26 0 0 1 507912
11010991273: (10862740623): TRACE_END: TRACEBIGSIM [0] calc_pair_energy START 291 284 12 4 0 1 4 1 1.889929 315593352 0 26 0 0 1 178871
11011360819: (10863321188): TRACE_END: TRACEBIGSIM [0] calc_pair_energy START 327 294 9 4 0 11 3 1 1.890019 315593352 0 26 0 0 1 189926
11011743161: (10863938105): TRACE_END: TRACEBIGSIM [0] calc_pair_energy START 298 321 10 2 2 8 3 3 1.890111 315593352 0 26 0 0 1 202301
11012250580: (10864737108): TRACE_END: TRACEBIGSIM [0] calc_pair_energy START 298 311 10 2 2 9 3 3 1.890207 315593352 0 26 0 0 1 327655
11012913626: (10865790688): TRACE_END: TRACEBIGSIM [0] calc_pair_energy START 298 286 10 2 2 10 3 3 1.890333 315593352 0 26 0 0 1 483369
11013240380: (10866314005): TRACE_END: TRACEBIGSIM [0] calc_pair_energy START 286 291 10 3 3 12 4 0 1.890500 315593352 0 26 0 0 1 144653
11013629101: (10866891587): TRACE_END: TRACEBIGSIM [0] calc_pair_energy START 282 291 10 4 3 12 4 0 1.890582 315593352 0 26 0 0 1 206720
11014072112: (10867569303): TRACE_END: TRACEBIGSIM [0] calc_pair_energy START 308 294 9 3 0 11 3 1 1.890681 315593352 0 26 0 0 1 257930
11014445322: (10868116099): TRACE_END: TRACEBIGSIM [0] calc_pair_energy START 280 291 10 3 0 12 4 0 1.890789 315593352 0 26 0 0 1 193602
11015336627: (10869556535): TRACE_END: TRACEBIGSIM [0] calc_pair_energy START 280 294 10 3 0 11 3 1 1.890884 315593352 0 26 0 0 1 708398
11015999634: (10870497971): TRACE_END: TRACEBIGSIM [0] calc_pair_energy START 267 291 10 4 0 12 4 0 1.891107 315593352 0 26 0 0 1 480904
11016439558: (10871182813): TRACE_END: TRACEBIGSIM [0] calc_pair_energy START 267 294 10 4 0 11 3 1 1.891272 315593352 0 26 0 0 1 257905
11016790310: (10871723282): TRACE_END: TRACEBIGSIM [0] calc_pair_energy START 286 298 8 3 1 10 2 2 1.891382 315593352 0 26 0 0 1 168627
11017617517: (10872980517): TRACE_END: TRACEBIGSIM [0] calc_pair_energy START 318 294 9 3 1 11 3 1 1.891469 315593352 0 26 0 0 1 647539
11018028192: (10873652218): TRACE_END: TRACEBIGSIM [0] calc_pair_energy START 318 298 9 3 1 10 2 2 1.891677 315593352 0 26 0 0 1 227891
11018372734: (10874207516): TRACE_END: TRACEBIGSIM [0] calc_pair_energy START 291 291 12 4 0 10 3 1 1.891779 315593352 0 26 0 0 1 164936
11022290278: (10881433933): TRACE_END: TRACEBIGSIM [0] calc_pair_energy START 291 294 10 3 1 11 3 1 1.891866 315593352 0 26 0 0 1 3735296
11022855179: (10882382115): TRACE_END: TRACEBIGSIM [0] calc_pair_energy START 291 298 10 3 1 10 2 2 1.892846 315593352 0 26 0 0 1 380515
11023318797: (10883125077): TRACE_END: TRACEBIGSIM [0] calc_pair_energy START 294 318 11 3 1 9 4 1 1.892987 315593352 0 26 0 0 1 281541
11023701426: (10883719517): TRACE_END: TRACEBIGSIM [0] calc_pair_energy START 291 298 12 4 0 10 4 1 1.893102 315593352 0 26 0 0 1 202763
11024786876: (10885594522): TRACE_END: TRACEBIGSIM [0] calc_pair_energy START 294 298 11 3 1 10 4 1 1.893198 315593352 0 26 0 0 1 903428
11025128346: (10886108767): TRACE_END: TRACEBIGSIM [0] calc_pair_energy START 300 291 1 5 3 12 4 0 1.893470 315593352 0 26 0 0 1 159388
11025511093: (10886678221): TRACE_END: TRACEBIGSIM [0] calc_pair_energy START 291 312 12 4 0 1 5 0 1.893555 315593352 0 26 0 0 1 203027
11025862116: (10887175178): TRACE_END: TRACEBIGSIM [0] calc_pair_energy START 291 285 12 4 0 1 5 1 1.893650 315593352 0 26 0 0 1 171396
11026199484: (10887688950): TRACE_END: TRACEBIGSIM [0] calc_pair_energy START 306 291 10 5 3 12 4 0 1.893738 315593352 0 26 0 0 1 157729
11026597092: (10888272541): TRACE_END: TRACEBIGSIM [0] calc_pair_energy START 291 297 12 4 0 10 5 0 1.893823 315593352 0 26 0 0 1 215405
11026926773: (10888754949): TRACE_END: TRACEBIGSIM [0] calc_pair_energy START 291 265 12 4 0 10 5 1 1.893923 315593352 0 26 0 0 1 147757
11027426072: (10889479819): TRACE_END: TRACEBIGSIM [0] calc_pair_energy START 291 291 11 5 3 12 4 0 1.894005 315593352 0 26 0 0 1 317344
11027941009: (10890276427): TRACE_END: TRACEBIGSIM [0] calc_pair_energy START 300 291 12 5 3 12 4 0 1.894130 315593352 0 26 0 0 1 332782
11028388829: (10890930228): TRACE_END: TRACEBIGSIM [0] calc_pair_energy START 285 291 0 5 3 12 4 0 1.894259 315593352 0 26 0 0 1 265740
11029442760: (10892665997): TRACE_END: TRACEBIGSIM [0] calc_pair_energy START 291 300 12 4 0 11 5 0 1.894370 315593352 0 26 0 0 1 873333
11031025814: (10895558425): TRACE_END: TRACEBIGSIM [0] calc_pair_energy START 291 315 12 4 0 12 5 0 1.894635 315593352 0 26 0 0 1 1400895
11032023911: (10897145906): TRACE_END: TRACEBIGSIM [0] calc_pair_energy START 291 300 12 4 0 0 5 0 1.895031 315593352 0 26 0 0 1 813681
11032497160: (10897862591): TRACE_END: TRACEBIGSIM [0] calc_pair_energy START 291 303 12 4 0 11 5 1 1.895279 315593352 0 26 0 0 1 293599
11033045484: (10898669511): TRACE_END: TRACEBIGSIM [0] calc_pair_energy START 291 285 12 4 0 12 5 1 1.895398 315593352 0 26 0 0 1 366256
11033483529: (10899330707): TRACE_END: TRACEBIGSIM [0] calc_pair_energy START 291 309 12 4 0 0 5 1 1.895536 315593352 0 26 0 0 1 256043
11033855810: (10899900148): TRACE_END: TRACEBIGSIM [0] calc_pair_energy START 298 302 10 2 2 8 1 3 1.895644 315593352 0 26 0 0 1 192720
11034302468: (10900578387): TRACE_END: TRACEBIGSIM [0] calc_pair_energy START 298 312 10 2 2 8 2 3 1.895737 315593352 0 26 0 0 1 266824
11034664298: (10901157153): TRACE_END: TRACEBIGSIM [0] calc_pair_energy START 303 298 8 1 1 10 2 2 1.895849 315593352 0 26 0 0 1 182172
11035047525: (10901767060): TRACE_END: TRACEBIGSIM [0] calc_pair_energy START 325 298 8 2 1 10 2 2 1.895939 315593352 0 26 0 0 1 203611
11037130843: (10905817735): TRACE_END: TRACEBIGSIM [0] calc_self_energy START 270 270 9 1 3 9 1 3 1.896035 1810636310 -1078827337 1236401970 -1083132098 0 1 1903495
11037548610: (10906414024): TRACE_END: TRACEBIGSIM [0] calc_pair_energy START 296 270 7 0 2 9 1 3 1.896573 375731552 0 375731552 0 0 1 169822
11037961162: (10907009523): TRACE_END: TRACEBIGSIM [0] calc_pair_energy START 303 270 8 0 2 9 1 3 1.896664 375731552 0 375731552 0 0 1 218542
11038454931: (10907750423): TRACE_END: TRACEBIGSIM [0] calc_pair_energy START 292 270 9 0 2 9 1 3 1.896768 375731552 0 375731552 0 0 1 299915
11038825897: (10908274458): TRACE_END: TRACEBIGSIM [0] calc_pair_energy START 252 270 10 0 2 9 1 3 1.896891 375731552 0 375731552 0 0 1 177167
11039172025: (10908792917): TRACE_END: TRACEBIGSIM [0] calc_pair_energy START 315 270 11 0 2 9 1 3 1.896984 375731552 0 375731552 0 0 1 149916
11039607574: (10909431486): TRACE_END: TRACEBIGSIM [0] calc_pair_energy START 303 270 7 1 2 9 1 3 1.897071 375731552 0 375731552 0 0 1 239148
11040632948: (10911062402): TRACE_END: TRACEBIGSIM [0] calc_pair_energy START 291 270 8 1 2 9 1 3 1.897179 375731552 0 375731552 0 0 1 831568
11041965248: (10913447862): TRACE_END: TRACEBIGSIM [0] calc_pair_energy START 325 270 9 1 2 9 1 3 1.897435 375731552 0 375731552 0 0 1 1138378
11042845225: (10914876110): TRACE_END: TRACEBIGSIM [0] calc_pair_energy START 301 270 10 1 2 9 1 3 1.897769 375731552 0 375731552 0 0 1 683798
11043202164: (10915368619): TRACE_END: TRACEBIGSIM [0] calc_pair_energy START 248 270 11 1 2 9 1 3 1.897990 375731552 0 375731552 0 0 1 160537
11043552339: (10915896116): TRACE_END: TRACEBIGSIM [0] calc_pair_energy START 305 270 7 2 2 9 1 3 1.898079 375731552 0 375731552 0 0 1 153148
11044032716: (10916649971): TRACE_END: TRACEBIGSIM [0] calc_pair_energy START 336 270 8 2 2 9 1 3 1.898166 375731552 0 375731552 0 0 1 286479
11044662164: (10917626763): TRACE_END: TRACEBIGSIM [0] calc_pair_energy START 298 270 9 2 2 9 1 3 1.898286 375731552 0 375731552 0 0 1 435640
11045125188: (10918327797): TRACE_END: TRACEBIGSIM [0] calc_pair_energy START 298 270 10 2 2 9 1 3 1.898443 375731552 0 375731552 0 0 1 269182
11045478268: (10918883350): TRACE_END: TRACEBIGSIM [0] calc_pair_energy START 310 270 11 2 2 9 1 3 1.898560 375731552 0 375731552 0 0 1 156929
11045887422: (10919452381): TRACE_END: TRACEBIGSIM [0] calc_pair_energy START 285 270 7 0 3 9 1 3 1.898648 375731552 0 375731552 0 0 1 212907
11046886768: (10921012227): TRACE_END: TRACEBIGSIM [0] calc_pair_energy START 297 270 8 0 3 9 1 3 1.898750 375731552 0 375731552 0 0 1 805447
11048278628: (10923450268): TRACE_END: TRACEBIGSIM [0] calc_pair_energy START 276 270 9 0 3 9 1 3 1.898999 375731552 0 375731552 0 0 1 1197779
11049044646: (10924540264): TRACE_END: TRACEBIGSIM [0] calc_pair_energy START 314 270 7 1 3 9 1 3 1.899348 375731552 0 375731552 0 0 1 569832
11052352304: (10930777984): TRACE_END: TRACEBIGSIM [0] calc_pair_energy START 302 270 8 1 3 9 1 3 1.899539 375731552 0 375731552 0 0 1 3113688
11052769828: (10931401610): TRACE_END: TRACEBIGSIM [0] calc_pair_energy START 270 297 9 1 3 7 2 3 1.900366 375731552 0 375731552 0 0 1 221112
11053785329: (10933092829): TRACE_END: TRACEBIGSIM [0] calc_pair_energy START 270 312 9 1 3 8 2 3 1.900470 375731552 0 375731552 0 0 1 821555
11054135374: (10933603179): TRACE_END: TRACEBIGSIM [0] calc_pair_energy START 270 294 9 1 3 7 0 0 1.900725 375731552 0 375731552 0 0 1 156142
11054580623: (10934261419): TRACE_END: TRACEBIGSIM [0] calc_pair_energy START 270 288 9 1 3 8 0 0 1.900811 375731552 0 375731552 0 0 1 251431
11054982746: (10934853558): TRACE_END: TRACEBIGSIM [0] calc_pair_energy START 270 286 9 1 3 7 1 0 1.900923 375731552 0 375731552 0 0 1 208201
11055802396: (10936194264): TRACE_END: TRACEBIGSIM [0] calc_pair_energy START 270 288 9 1 3 8 1 0 1.901024 375731552 0 375731552 0 0 1 625828
11056167218: (10936759159): TRACE_END: TRACEBIGSIM [0] calc_pair_energy START 270 317 9 1 3 7 2 0 1.901229 375731552 0 375731552 0 0 1 170835
11056605955: (10937439208): TRACE_END: TRACEBIGSIM [0] calc_pair_energy START 270 284 9 1 3 8 2 0 1.901320 375731552 0 375731552 0 0 1 244835
11057208456: (10937912469): TRACE_END: TRACEBIGSIM [0] angle 1 136  1.901461 1.901531
11057473393: (10938108604): TRACE_END: TRACEBIGSIM [0] diherals 1 64  1.901550 1.901597
11058605825: (10939893683): TRACE_END: TRACEBIGSIM [0] calc_pair_energy START 298 278 10 2 2 9 2 3 1.901624 315205624 0 26 0 0 1 1028738
11059977179: (10942331691): TRACE_END: TRACEBIGSIM [0] calc_pair_energy START 270 278 9 1 3 9 2 3 1.901927 315205624 0 26 0 0 1 1189228
11060505380: (10943142166): TRACE_END: TRACEBIGSIM [0] calc_pair_energy START 270 291 9 1 3 9 0 0 1.902270 315205624 0 26 0 0 1 348548
11061833085: (10945501055): TRACE_END: TRACEBIGSIM [0] calc_pair_energy START 270 296 9 1 3 9 1 0 1.902400 315205624 0 26 0 0 1 1150260
11062205186: (10946085462): TRACE_END: TRACEBIGSIM [0] calc_pair_energy START 303 294 9 2 0 11 3 1 1.902733 315205624 0 26 0 0 1 192274
11062727361: (10946922092): TRACE_END: TRACEBIGSIM [0] calc_pair_energy START 270 303 9 1 3 9 2 0 1.902827 315205624 0 26 0 0 1 342573
11063141706: (10947596800): TRACE_END: TRACEBIGSIM [0] calc_pair_energy START 304 298 9 1 1 10 2 2 1.902956 315205624 0 26 0 0 1 236982
11063518923: (10948185578): TRACE_END: TRACEBIGSIM [0] calc_pair_energy START 296 294 9 2 1 11 3 1 1.903060 315205624 0 26 0 0 1 197637
11064339434: (10949539363): TRACE_END: TRACEBIGSIM [0] calc_pair_energy START 296 298 9 2 1 10 2 2 1.903155 315205624 0 26 0 0 1 640736
11065343738: (10951098223): TRACE_END: TRACEBIGSIM [0] calc_pair_energy START 309 270 10 0 3 9 1 3 1.903360 315205624 0 26 0 0 1 824663
11065937425: (10952030948): TRACE_END: TRACEBIGSIM [0] calc_pair_energy START 298 291 10 2 2 10 1 3 1.903611 315205624 0 26 0 0 1 414001
11069148744: (10958018435): TRACE_END: TRACEBIGSIM [0] calc_pair_energy START 270 291 9 1 3 10 1 3 1.903760 315205624 0 26 0 0 1 3029134
11070659775: (10960764772): TRACE_END: TRACEBIGSIM [0] calc_pair_energy START 298 283 10 2 2 10 2 3 1.904563 315205624 0 26 0 0 1 1328912
11071526339: (10962163293): TRACE_END: TRACEBIGSIM [0] calc_pair_energy START 270 283 9 1 3 10 2 3 1.904942 315205624 0 26 0 0 1 682208
11071943879: (10962790560): TRACE_END: TRACEBIGSIM [0] calc_pair_energy START 270 297 9 1 3 10 0 0 1.905157 315205624 0 26 0 0 1 237769
11072775117: (10964157664): TRACE_END: TRACEBIGSIM [0] calc_pair_energy START 270 281 9 1 3 10 1 0 1.905261 315205624 0 26 0 0 1 651579
11073236043: (10964854398): TRACE_END: TRACEBIGSIM [0] calc_pair_energy START 281 294 10 2 0 11 3 1 1.905469 315205624 0 26 0 0 1 281256
11073654112: (10965498682): TRACE_END: TRACEBIGSIM [0] calc_pair_energy START 270 281 9 1 3 10 2 0 1.905585 315205624 0 26 0 0 1 236183
11074231674: (10966432375): TRACE_END: TRACEBIGSIM [0] calc_pair_energy START 327 298 10 1 1 10 2 2 1.905690 315205624 0 26 0 0 1 394800
11075282478: (10968146418): TRACE_END: TRACEBIGSIM [0] calc_pair_energy START 297 294 10 2 1 11 3 1 1.905834 315205624 0 26 0 0 1 867645
11076521740: (10970332842): TRACE_END: TRACEBIGSIM [0] calc_pair_energy START 297 298 10 2 1 10 2 2 1.906097 315205624 0 26 0 0 1 1057029
11076892978: (10970874088): TRACE_END: TRACEBIGSIM [0] calc_pair_energy START 285 270 11 0 3 9 1 3 1.906408 315205624 0 26 0 0 1 186870
11077380389: (10971607447): TRACE_END: TRACEBIGSIM [0] calc_pair_energy START 298 285 10 2 2 11 1 3 1.906499 315205624 0 26 0 0 1 307643
11078113760: (10972693897): TRACE_END: TRACEBIGSIM [0] calc_pair_energy START 270 285 9 1 3 11 1 3 1.906621 315205624 0 26 0 0 1 551274
11079070330: (10974239649): TRACE_END: TRACEBIGSIM [0] calc_pair_energy START 298 275 10 2 2 11 2 3 1.906804 315205624 0 26 0 0 1 776825
11079411615: (10974756893): TRACE_END: TRACEBIGSIM [0] calc_pair_energy START 270 275 9 1 3 11 2 3 1.907044 315205624 0 26 0 0 1 159391
11079737696: (10975256281): TRACE_END: TRACEBIGSIM [0] calc_pair_energy START 270 309 9 1 3 11 0 0 1.907129 315205624 0 26 0 0 1 146336
11082302898: (10980397106): TRACE_END: TRACEBIGSIM [0] calc_self_energy START 306 306 0 0 0 0 0 0 1.907211 0 0 0 0 0 1 2385392
11085779156: (10987048982): TRACE_END: TRACEBIGSIM [0] calc_pair_energy START 306 309 0 0 0 1 0 0 1.907847 377095648 0 377095648 0 0 1 3317723
11086448624: (10987966356): TRACE_END: TRACEBIGSIM [0] calc_pair_energy START 306 273 0 0 0 2 0 0 1.908725 377095648 0 377095648 0 0 1 473316
11086810915: (10988505289): TRACE_END: TRACEBIGSIM [0] calc_pair_energy START 306 303 0 0 0 11 5 1 1.908892 377095648 0 377095648 0 0 1 168301
11087268516: (10989193161): TRACE_END: TRACEBIGSIM [0] calc_pair_energy START 306 285 0 0 0 12 5 1 1.908983 377095648 0 377095648 0 0 1 261320
11087868900: (10990134293): TRACE_END: TRACEBIGSIM [0] calc_pair_energy START 306 309 0 0 0 0 5 1 1.909098 377095648 0 377095648 0 0 1 404047
11088335547: (10990821547): TRACE_END: TRACEBIGSIM [0] calc_pair_energy START 306 285 0 0 0 1 5 1 1.909247 377095648 0 377095648 0 0 1 272713
11088693874: (10991346404): TRACE_END: TRACEBIGSIM [0] calc_pair_energy START 306 288 0 0 0 2 5 1 1.909364 377095648 0 377095648 0 0 1 164497
11089688879: (10992873811): TRACE_END: TRACEBIGSIM [0] calc_pair_energy START 306 294 0 0 0 1 0 1 1.909454 377095648 0 377095648 0 0 1 801074
11090113196: (10993479556): TRACE_END: TRACEBIGSIM [0] calc_pair_energy START 306 282 0 0 0 2 0 1 1.909704 377095648 0 377095648 0 0 1 227327
11090950354: (10994667264): TRACE_END: TRACEBIGSIM [0] calc_pair_energy START 309 306 11 0 0 0 0 0 1.909808 377095648 0 377095648 0 0 1 643189
11094763874: (11001673324): TRACE_END: TRACEBIGSIM [0] calc_pair_energy START 294 306 12 0 0 0 0 0 1.910018 377095648 0 377095648 0 0 1 3617211
11096285344: (11004337267): TRACE_END: TRACEBIGSIM [0] calc_pair_energy START 300 306 0 5 0 0 0 0 1.910973 377095648 0 377095648 0 0 1 1322618
11097341272: (11006082590): TRACE_END: TRACEBIGSIM [0] calc_pair_energy START 312 306 1 5 0 0 0 0 1.911352 377095648 0 377095648 0 0 1 858604
11097737234: (11006665091): TRACE_END: TRACEBIGSIM [0] calc_pair_energy START 300 306 2 5 0 0 0 0 1.911616 377095648 0 377095648 0 0 1 201947
11098155214: (11007258836): TRACE_END: TRACEBIGSIM [0] calc_pair_energy START 300 306 11 5 0 0 0 0 1.911716 377095648 0 377095648 0 0 1 220894
11099195711: (11008944503): TRACE_END: TRACEBIGSIM [0] calc_pair_energy START 315 306 12 5 0 0 0 0 1.911820 377095648 0 377095648 0 0 1 844190
11100572854: (11011338925): TRACE_END: TRACEBIGSIM [0] calc_pair_energy START 276 306 0 0 3 0 0 0 1.912080 377095648 0 377095648 0 0 1 1180874
11101583512: (11012906397): TRACE_END: TRACEBIGSIM [0] calc_pair_energy START 294 306 1 0 3 0 0 0 1.912424 377095648 0 377095648 0 0 1 814302
11101992478: (11013495649): TRACE_END: TRACEBIGSIM [0] calc_pair_energy START 303 306 2 0 3 0 0 0 1.912678 377095648 0 377095648 0 0 1 211845
11102420608: (11014114634): TRACE_END: TRACEBIGSIM [0] calc_pair_energy START 285 306 11 0 3 0 0 0 1.912779 377095648 0 377095648 0 0 1 234065
11103502837: (11015818000): TRACE_END: TRACEBIGSIM [0] calc_pair_energy START 300 306 12 0 3 0 0 0 1.912887 377095648 0 377095648 0 0 1 885739
11103842356: (11016340190): TRACE_END: TRACEBIGSIM [0] calc_pair_energy START 285 306 11 1 3 0 0 0 1.913158 377095648 0 377095648 0 0 1 143336
11104467776: (11017288839): TRACE_END: TRACEBIGSIM [0] calc_pair_energy START 285 306 0 5 3 0 0 0 1.913243 377095648 0 377095648 0 0 1 429347
11104935375: (11017970938): TRACE_END: TRACEBIGSIM [0] calc_pair_energy START 300 306 1 5 3 0 0 0 1.913399 377095648 0 377095648 0 0 1 271842
11105296885: (11018503881): TRACE_END: TRACEBIGSIM [0] calc_pair_energy START 297 306 2 5 3 0 0 0 1.913515 377095648 0 377095648 0 0 1 167597
11105677161: (11019038654): TRACE_END: TRACEBIGSIM [0] calc_pair_energy START 291 306 11 5 3 0 0 0 1.913606 377095648 0 377095648 0 0 1 186481
11106194880: (11019806994): TRACE_END: TRACEBIGSIM [0] calc_pair_energy START 300 306 12 5 3 0 0 0 1.913703 377095648 0 377095648 0 0 1 318350
11106758268: (11020262826): TRACE_END: TRACEBIGSIM [0] angle 1 102  1.913864 1.913923
11106876419: (11020353326): TRACE_END: TRACEBIGSIM [0] diherals 1 0  1.913942 1.913952
11107220930: (11020828571): TRACE_END: TRACEBIGSIM [0] calc_pair_energy START 306 276 0 0 0 11 1 0 1.913978 320249384 0 26 0 0 1 244018
11107584565: (11021353442): TRACE_END: TRACEBIGSIM [0] calc_pair_energy START 270 276 9 1 3 11 1 0 1.914084 320249384 0 26 0 0 1 183804
11108151342: (11022164051): TRACE_END: TRACEBIGSIM [0] calc_pair_energy START 272 294 11 2 0 11 3 1 1.914175 320249384 0 26 0 0 1 386988
11108486886: (11022656749): TRACE_END: TRACEBIGSIM [0] calc_pair_energy START 270 272 9 1 3 11 2 0 1.914317 320249384 0 26 0 0 1 153594
11109265007: (11023577425): TRACE_END: TRACEBIGSIM [0] calc_pair_energy START 306 273 0 0 0 11 0 1 1.914486 320249384 0 26 0 0 1 255290
11110435622: (11025411556): TRACE_END: TRACEBIGSIM [0] calc_pair_energy START 306 294 0 0 0 12 0 1 1.914595 320249384 0 26 0 0 1 990912
11111815928: (11027838009): TRACE_END: TRACEBIGSIM [0] calc_pair_energy START 306 288 0 0 0 0 0 1 1.914888 320249384 0 26 0 0 1 1200526
11112172082: (11028370224): TRACE_END: TRACEBIGSIM [0] calc_pair_energy START 306 285 0 0 0 11 1 1 1.915233 320249384 0 26 0 0 1 176376
11112632262: (11029096832): TRACE_END: TRACEBIGSIM [0] calc_pair_energy START 285 298 11 1 1 10 2 2 1.915323 320249384 0 26 0 0 1 280235
11114443462: (11032219933): TRACE_END: TRACEBIGSIM [0] calc_pair_energy START 352 294 11 2 1 11 3 1 1.915438 320249384 0 26 0 0 1 1628847
11115534318: (11034117349): TRACE_END: TRACEBIGSIM [0] calc_pair_energy START 352 298 11 2 1 10 2 2 1.915891 320249384 0 26 0 0 1 906452
11115896172: (11034696525): TRACE_END: TRACEBIGSIM [0] calc_pair_energy START 298 315 10 2 2 12 1 3 1.916164 320249384 0 26 0 0 1 178940
