1 angle 1 7672  1.856838 1.862369 50000
2 diherals 1 16906  1.862398 1.873776 80000
3 calc_self_energy 298 298 10 2 2 10 2 2 1.874867 276123344 0 276068040 511 0 1 2743480
4 angle 1 338  1.875646 1.875799 50000
5 diherals 1 380  1.875819 1.876012 80000
6 calc_pair_energy 298 268 10 2 2 10 3 2 1.876045 314592936 0 26 0 0 1 1325218
7 calc_pair_energy 298 310 10 2 2 11 2 2 1.876422 314592936 0 26 0 0 1 3864262
8 calc_pair_energy 298 337 10 2 2 11 3 2 1.877434 314592936 0 26 0 0 1 1174929
9 calc_pair_energy 298 255 10 2 2 12 3 2 1.877775 314592936 0 26 0 0 1 221141
10 calc_pair_energy 336 298 8 2 2 10 2 2 1.877876 314592936 0 26 0 0 1 576494
