6
0
4 8 4 0
0 1 2 3
0 1 4 5
0 1 2 4
0 1 3 5
0 2 3 -1
0 4 5 -1
0 2 4 -1
0 3 5 -1
0 0
0 1
0 2
0 3
5 0
4 0
2 3
3 2
1 2 3
1 4 5
1 2 4
1 3 5
0.5 0.5 0.5
0.5 0.5 0.0
0.0 0.0 0.0
1.0 0.0 0.0
0.0 1.0 0.0
1.0 1.0 0.0
4 2 3 4 5
1
4 8 4 0
0 1 2 3
0 1 4 5
0 1 2 4
0 1 3 5
0 2 3 -1
0 4 5 -1
0 2 4 -1
0 3 5 -1
0 0
0 1
0 2
0 3
5 1
4 1
2 2
3 3
1 2 3
1 4 5
1 2 4
1 3 5
0.5 0.5 0.5
0.5 0.5 1.0
0.0 0.0 1.0
1.0 0.0 1.0
0.0 1.0 1.0
1.0 1.0 1.0
4 2 3 4 5
2
4 8 4 0
0 1 2 3
0 1 4 5
0 1 2 4
0 1 3 5
0 2 3 -1
0 4 5 -1
0 2 4 -1
0 3 5 -1
0 0
0 1
0 2
0 3
5 2
4 2
1 2
0 2
1 2 3
1 4 5
1 2 4
1 3 5
0.5 0.5 0.5
0.0 0.5 0.5
0.0 0.0 1.0
0.0 0.0 0.0
0.0 1.0 1.0
0.0 1.0 0.0
4 2 3 4 5
3
4 8 4 0
0 1 2 3
0 1 4 5
0 1 2 4
0 1 3 5
0 2 3 -1
0 4 5 -1
0 2 4 -1
0 3 5 -1
0 0
0 1
0 2
0 3
5 3
4 3
0 3
1 3
1 2 3
1 4 5
1 2 4
1 3 5
0.5 0.5 0.5
1.0 0.5 0.5
1.0 0.0 0.0
1.0 0.0 1.0
1.0 1.0 0.0
1.0 1.0 1.0
4 2 3 4 5
4
4 8 4 0
0 1 2 3
0 1 4 5
0 1 2 4
0 1 3 5
0 2 3 -1
0 4 5 -1
0 2 4 -1
0 3 5 -1
0 0
0 1
0 2
0 3
0 1
1 1
2 1
3 1
1 2 3
1 4 5
1 2 4
1 3 5
0.5 0.5 0.5
0.5 1.0 0.5
0.0 1.0 0.0
1.0 1.0 0.0
0.0 1.0 1.0
1.0 1.0 1.0
4 2 3 4 5
5
4 8 4 0
0 1 2 3
0 1 4 5
0 1 2 4
0 1 3 5
0 2 3 -1
0 4 5 -1
0 2 4 -1
0 3 5 -1
0 0
0 1
0 2
0 3
0 0
1 0
2 0
3 0
1 2 3
1 4 5
1 2 4
1 3 5
0.5 0.5 0.5
0.5 0.0 0.5
0.0 0.0 0.0
1.0 0.0 0.0
0.0 0.0 1.0
1.0 0.0 1.0
4 2 3 4 5
