# nid   x+   x-   y+   y-   z+   z- lx ly lz
# ********* THIS FILES IS DEFUNCT *********
   0  512  256    1   67    4  192  0  0  0
   1  513  257    2    0    5  193  0  1  0
   2  514  258    3    1    6  194  0  2  0
   3  515  259   32    2    7  195  0  3  0
   4  516  260    5   71    8    0  0  0  1
   5  517  261    6    4    9    1  0  1  1
   6  518  262    7    5   10    2  0  2  1
   7  519  263   36    6   11    3  0  3  1
   8  520  264    9   75   12    4  0  0  2
   9  521  265   10    8   13    5  0  1  2
  10  522  266   11    9   14    6  0  2  2
  11  523  267   40   10   15    7  0  3  2
  12  524  268   13   79   16    8  0  0  3
  13  525  269   14   12   17    9  0  1  3
  14  526  270   15   13   18   10  0  2  3
  15  527  271   44   14   19   11  0  3  3
  16  528  272   17   83   20   12  0  0  4
  17  529  273   18   16   21   13  0  1  4
  18  530  274   19   17   22   14  0  2  4
  19  531  275   48   18   23   15  0  3  4
  20  532  276   21   87   24   16  0  0  5
  21  533  277   22   20   25   17  0  1  5
  22  534  278   23   21   26   18  0  2  5
  23  535  279   52   22   27   19  0  3  5
  24  536  280   25   91   28   20  0  0  6
  25  537  281   26   24   29   21  0  1  6
  26  538  282   27   25   30   22  0  2  6
  27  539  283   56   26   31   23  0  3  6
  28  540  284   29   95  220   24  0  0  7
  29  541  285   30   28  221   25  0  1  7
  30  542  286   31   29  222   26  0  2  7
  31  543  287   60   30  223   27  0  3  7
  32  544  288   33    3   36  160  0  4  0
  33  545  289   34   32   37  161  0  5  0
  34  546  290   35   33   38  162  0  6  0
  35  547  291   64   34   39  163  0  7  0
  36  548  292   37    7   40   32  0  4  1
  37  549  293   38   36   41   33  0  5  1
  38  550  294   39   37   42   34  0  6  1
  39  551  295   68   38   43   35  0  7  1
  40  552  296   41   11   44   36  0  4  2
  41  553  297   42   40   45   37  0  5  2
  42  554  298   43   41   46   38  0  6  2
  43  555  299   72   42   47   39  0  7  2
  44  556  300   45   15   48   40  0  4  3
  45  557  301   46   44   49   41  0  5  3
  46  558  302   47   45   50   42  0  6  3
  47  559  303   76   46   51   43  0  7  3
  48  560  304   49   19   52   44  0  4  4
  49  561  305   50   48   53   45  0  5  4
  50  562  306   51   49   54   46  0  6  4
  51  563  307   80   50   55   47  0  7  4
  52  564  308   53   23   56   48  0  4  5
  53  565  309   54   52   57   49  0  5  5
  54  566  310   55   53   58   50  0  6  5
  55  567  311   84   54   59   51  0  7  5
  56  568  312   57   27   60   52  0  4  6
  57  569  313   58   56   61   53  0  5  6
  58  570  314   59   57   62   54  0  6  6
  59  571  315   88   58   63   55  0  7  6
  60  572  316   61   31  188   56  0  4  7
  61  573  317   62   60  189   57  0  5  7
  62  574  318   63   61  190   58  0  6  7
  63  575  319   92   62  191   59  0  7  7
  64  576  320   65   35   68  128  0  8  0
  65  577  321   66   64   69  129  0  9  0
  66  578  322   67   65   70  130  0 10  0
  67  579  323    0   66   71  131  0 11  0
  68  580  324   69   39   72   64  0  8  1
  69  581  325   70   68   73   65  0  9  1
  70  582  326   71   69   74   66  0 10  1
  71  583  327    4   70   75   67  0 11  1
  72  584  328   73   43   76   68  0  8  2
  73  585  329   74   72   77   69  0  9  2
  74  586  330   75   73   78   70  0 10  2
  75  587  331    8   74   79   71  0 11  2
  76  588  332   77   47   80   72  0  8  3
  77  589  333   78   76   81   73  0  9  3
  78  590  334   79   77   82   74  0 10  3
  79  591  335   12   78   83   75  0 11  3
  80  592  336   81   51   84   76  0  8  4
  81  593  337   82   80   85   77  0  9  4
  82  594  338   83   81   86   78  0 10  4
  83  595  339   16   82   87   79  0 11  4
  84  596  340   85   55   88   80  0  8  5
  85  597  341   86   84   89   81  0  9  5
  86  598  342   87   85   90   82  0 10  5
  87  599  343   20   86   91   83  0 11  5
  88  600  344   89   59   92   84  0  8  6
  89  601  345   90   88   93   85  0  9  6
  90  602  346   91   89   94   86  0 10  6
  91  603  347   24   90   95   87  0 11  6
  92  604  348   93   63  156   88  0  8  7
  93  605  349   94   92  157   89  0  9  7
  94  606  350   95   93  158   90  0 10  7
  95  607  351   28   94  159   91  0 11  7
 128  640  384  129  163   64  132  0  8 15
 129  641  385  130  128   65  133  0  9 15
 130  642  386  131  129   66  134  0 10 15
 131  643  387  192  130   67  135  0 11 15
 132  644  388  133  167  128  136  0  8 14
 133  645  389  134  132  129  137  0  9 14
 134  646  390  135  133  130  138  0 10 14
 135  647  391  196  134  131  139  0 11 14
 136  648  392  137  171  132  140  0  8 13
 137  649  393  138  136  133  141  0  9 13
 138  650  394  139  137  134  142  0 10 13
 139  651  395  200  138  135  143  0 11 13
 140  652  396  141  175  136  144  0  8 12
 141  653  397  142  140  137  145  0  9 12
 142  654  398  143  141  138  146  0 10 12
 143  655  399  204  142  139  147  0 11 12
 144  656  400  145  179  140  148  0  8 11
 145  657  401  146  144  141  149  0  9 11
 146  658  402  147  145  142  150  0 10 11
 147  659  403  208  146  143  151  0 11 11
 148  660  404  149  183  144  152  0  8 10
 149  661  405  150  148  145  153  0  9 10
 150  662  406  151  149  146  154  0 10 10
 151  663  407  212  150  147  155  0 11 10
 152  664  408  153  187  148  156  0  8  9
 153  665  409  154  152  149  157  0  9  9
 154  666  410  155  153  150  158  0 10  9
 155  667  411  216  154  151  159  0 11  9
 156  668  412  157  191  152   92  0  8  8
 157  669  413  158  156  153   93  0  9  8
 158  670  414  159  157  154   94  0 10  8
 159  671  415  220  158  155   95  0 11  8
 160  672  416  161  195   32  164  0  4 15
 161  673  417  162  160   33  165  0  5 15
 162  674  418  163  161   34  166  0  6 15
 163  675  419  128  162   35  167  0  7 15
 164  676  420  165  199  160  168  0  4 14
 165  677  421  166  164  161  169  0  5 14
 166  678  422  167  165  162  170  0  6 14
 167  679  423  132  166  163  171  0  7 14
 168  680  424  169  203  164  172  0  4 13
 169  681  425  170  168  165  173  0  5 13
 170  682  426  171  169  166  174  0  6 13
 171  683  427  136  170  167  175  0  7 13
 172  684  428  173  207  168  176  0  4 12
 173  685  429  174  172  169  177  0  5 12
 174  686  430  175  173  170  178  0  6 12
 175  687  431  140  174  171  179  0  7 12
 176  688  432  177  211  172  180  0  4 11
 177  689  433  178  176  173  181  0  5 11
 178  690  434  179  177  174  182  0  6 11
 179  691  435  144  178  175  183  0  7 11
 180  692  436  181  215  176  184  0  4 10
 181  693  437  182  180  177  185  0  5 10
 182  694  438  183  181  178  186  0  6 10
 183  695  439  148  182  179  187  0  7 10
 184  696  440  185  219  180  188  0  4  9
 185  697  441  186  184  181  189  0  5  9
 186  698  442  187  185  182  190  0  6  9
 187  699  443  152  186  183  191  0  7  9
 188  700  444  189  223  184   60  0  4  8
 189  701  445  190  188  185   61  0  5  8
 190  702  446  191  189  186   62  0  6  8
 191  703  447  156  190  187   63  0  7  8
 192  704  448  193  131    0  196  0  0 15
 193  705  449  194  192    1  197  0  1 15
 194  706  450  195  193    2  198  0  2 15
 195  707  451  160  194    3  199  0  3 15
 196  708  452  197  135  192  200  0  0 14
 197  709  453  198  196  193  201  0  1 14
 198  710  454  199  197  194  202  0  2 14
 199  711  455  164  198  195  203  0  3 14
 200  712  456  201  139  196  204  0  0 13
 201  713  457  202  200  197  205  0  1 13
 202  714  458  203  201  198  206  0  2 13
 203  715  459  168  202  199  207  0  3 13
 204  716  460  205  143  200  208  0  0 12
 205  717  461  206  204  201  209  0  1 12
 206  718  462  207  205  202  210  0  2 12
 207  719  463  172  206  203  211  0  3 12
 208  720  464  209  147  204  212  0  0 11
 209  721  465  210  208  205  213  0  1 11
 210  722  466  211  209  206  214  0  2 11
 211  723  467  176  210  207  215  0  3 11
 212  724  468  213  151  208  216  0  0 10
 213  725  469  214  212  209  217  0  1 10
 214  726  470  215  213  210  218  0  2 10
 215  727  471  180  214  211  219  0  3 10
 216  728  472  217  155  212  220  0  0  9
 217  729  473  218  216  213  221  0  1  9
 218  730  474  219  217  214  222  0  2  9
 219  731  475  184  218  215  223  0  3  9
 220  732  476  221  159  216   28  0  0  8
 221  733  477  222  220  217   29  0  1  8
 222  734  478  223  221  218   30  0  2  8
 223  735  479  188  222  219   31  0  3  8
 256    0  768  257  323  260  448 10  0  0
 257    1  769  258  256  261  449 10  1  0
 258    2  770  259  257  262  450 10  2  0
 259    3  771  288  258  263  451 10  3  0
 260    4  772  261  327  264  256 10  0  1
 261    5  773  262  260  265  257 10  1  1
 262    6  774  263  261  266  258 10  2  1
 263    7  775  292  262  267  259 10  3  1
 264    8  776  265  331  268  260 10  0  2
 265    9  777  266  264  269  261 10  1  2
 266   10  778  267  265  270  262 10  2  2
 267   11  779  296  266  271  263 10  3  2
 268   12  780  269  335  272  264 10  0  3
 269   13  781  270  268  273  265 10  1  3
 270   14  782  271  269  274  266 10  2  3
 271   15  783  300  270  275  267 10  3  3
 272   16  784  273  339  276  268 10  0  4
 273   17  785  274  272  277  269 10  1  4
 274   18  786  275  273  278  270 10  2  4
 275   19  787  304  274  279  271 10  3  4
 276   20  788  277  343  280  272 10  0  5
 277   21  789  278  276  281  273 10  1  5
 278   22  790  279  277  282  274 10  2  5
 279   23  791  308  278  283  275 10  3  5
 280   24  792  281  347  284  276 10  0  6
 281   25  793  282  280  285  277 10  1  6
 282   26  794  283  281  286  278 10  2  6
 283   27  795  312  282  287  279 10  3  6
 284   28  796  285  351  476  280 10  0  7
 285   29  797  286  284  477  281 10  1  7
 286   30  798  287  285  478  282 10  2  7
 287   31  799  316  286  479  283 10  3  7
 288   32  800  289  259  292  416 10  4  0
 289   33  801  290  288  293  417 10  5  0
 290   34  802  291  289  294  418 10  6  0
 291   35  803  320  290  295  419 10  7  0
 292   36  804  293  263  296  288 10  4  1
 293   37  805  294  292  297  289 10  5  1
 294   38  806  295  293  298  290 10  6  1
 295   39  807  324  294  299  291 10  7  1
 296   40  808  297  267  300  292 10  4  2
 297   41  809  298  296  301  293 10  5  2
 298   42  810  299  297  302  294 10  6  2
 299   43  811  328  298  303  295 10  7  2
 300   44  812  301  271  304  296 10  4  3
 301   45  813  302  300  305  297 10  5  3
 302   46  814  303  301  306  298 10  6  3
 303   47  815  332  302  307  299 10  7  3
 304   48  816  305  275  308  300 10  4  4
 305   49  817  306  304  309  301 10  5  4
 306   50  818  307  305  310  302 10  6  4
 307   51  819  336  306  311  303 10  7  4
 308   52  820  309  279  312  304 10  4  5
 309   53  821  310  308  313  305 10  5  5
 310   54  822  311  309  314  306 10  6  5
 311   55  823  340  310  315  307 10  7  5
 312   56  824  313  283  316  308 10  4  6
 313   57  825  314  312  317  309 10  5  6
 314   58  826  315  313  318  310 10  6  6
 315   59  827  344  314  319  311 10  7  6
 316   60  828  317  287  444  312 10  4  7
 317   61  829  318  316  445  313 10  5  7
 318   62  830  319  317  446  314 10  6  7
 319   63  831  348  318  447  315 10  7  7
 320   64  832  321  291  324  384 10  8  0
 321   65  833  322  320  325  385 10  9  0
 322   66  834  323  321  326  386 10 10  0
 323   67  835  256  322  327  387 10 11  0
 324   68  836  325  295  328  320 10  8  1
 325   69  837  326  324  329  321 10  9  1
 326   70  838  327  325  330  322 10 10  1
 327   71  839  260  326  331  323 10 11  1
 328   72  840  329  299  332  324 10  8  2
 329   73  841  330  328  333  325 10  9  2
 330   74  842  331  329  334  326 10 10  2
 331   75  843  264  330  335  327 10 11  2
 332   76  844  333  303  336  328 10  8  3
 333   77  845  334  332  337  329 10  9  3
 334   78  846  335  333  338  330 10 10  3
 335   79  847  268  334  339  331 10 11  3
 336   80  848  337  307  340  332 10  8  4
 337   81  849  338  336  341  333 10  9  4
 338   82  850  339  337  342  334 10 10  4
 339   83  851  272  338  343  335 10 11  4
 340   84  852  341  311  344  336 10  8  5
 341   85  853  342  340  345  337 10  9  5
 342   86  854  343  341  346  338 10 10  5
 343   87  855  276  342  347  339 10 11  5
 344   88  856  345  315  348  340 10  8  6
 345   89  857  346  344  349  341 10  9  6
 346   90  858  347  345  350  342 10 10  6
 347   91  859  280  346  351  343 10 11  6
 348   92  860  349  319  412  344 10  8  7
 349   93  861  350  348  413  345 10  9  7
 350   94  862  351  349  414  346 10 10  7
 351   95  863  284  350  415  347 10 11  7
 384  128  896  385  419  320  388 10  8 15
 385  129  897  386  384  321  389 10  9 15
 386  130  898  387  385  322  390 10 10 15
 387  131  899  448  386  323  391 10 11 15
 388  132  900  389  423  384  392 10  8 14
 389  133  901  390  388  385  393 10  9 14
 390  134  902  391  389  386  394 10 10 14
 391  135  903  452  390  387  395 10 11 14
 392  136  904  393  427  388  396 10  8 13
 393  137  905  394  392  389  397 10  9 13
 394  138  906  395  393  390  398 10 10 13
 395  139  907  456  394  391  399 10 11 13
 396  140  908  397  431  392  400 10  8 12
 397  141  909  398  396  393  401 10  9 12
 398  142  910  399  397  394  402 10 10 12
 399  143  911  460  398  395  403 10 11 12
 400  144  912  401  435  396  404 10  8 11
 401  145  913  402  400  397  405 10  9 11
 402  146  914  403  401  398  406 10 10 11
 403  147  915  464  402  399  407 10 11 11
 404  148  916  405  439  400  408 10  8 10
 405  149  917  406  404  401  409 10  9 10
 406  150  918  407  405  402  410 10 10 10
 407  151  919  468  406  403  411 10 11 10
 408  152  920  409  443  404  412 10  8  9
 409  153  921  410  408  405  413 10  9  9
 410  154  922  411  409  406  414 10 10  9
 411  155  923  472  410  407  415 10 11  9
 412  156  924  413  447  408  348 10  8  8
 413  157  925  414  412  409  349 10  9  8
 414  158  926  415  413  410  350 10 10  8
 415  159  927  476  414  411  351 10 11  8
 416  160  928  417  451  288  420 10  4 15
 417  161  929  418  416  289  421 10  5 15
 418  162  930  419  417  290  422 10  6 15
 419  163  931  384  418  291  423 10  7 15
 420  164  932  421  455  416  424 10  4 14
 421  165  933  422  420  417  425 10  5 14
 422  166  934  423  421  418  426 10  6 14
 423  167  935  388  422  419  427 10  7 14
 424  168  936  425  459  420  428 10  4 13
 425  169  937  426  424  421  429 10  5 13
 426  170  938  427  425  422  430 10  6 13
 427  171  939  392  426  423  431 10  7 13
 428  172  940  429  463  424  432 10  4 12
 429  173  941  430  428  425  433 10  5 12
 430  174  942  431  429  426  434 10  6 12
 431  175  943  396  430  427  435 10  7 12
 432  176  944  433  467  428  436 10  4 11
 433  177  945  434  432  429  437 10  5 11
 434  178  946  435  433  430  438 10  6 11
 435  179  947  400  434  431  439 10  7 11
 436  180  948  437  471  432  440 10  4 10
 437  181  949  438  436  433  441 10  5 10
 438  182  950  439  437  434  442 10  6 10
 439  183  951  404  438  435  443 10  7 10
 440  184  952  441  475  436  444 10  4  9
 441  185  953  442  440  437  445 10  5  9
 442  186  954  443  441  438  446 10  6  9
 443  187  955  408  442  439  447 10  7  9
 444  188  956  445  479  440  316 10  4  8
 445  189  957  446  444  441  317 10  5  8
 446  190  958  447  445  442  318 10  6  8
 447  191  959  412  446  443  319 10  7  8
 448  192  960  449  387  256  452 10  0 15
 449  193  961  450  448  257  453 10  1 15
 450  194  962  451  449  258  454 10  2 15
 451  195  963  416  450  259  455 10  3 15
 452  196  964  453  391  448  456 10  0 14
 453  197  965  454  452  449  457 10  1 14
 454  198  966  455  453  450  458 10  2 14
 455  199  967  420  454  451  459 10  3 14
 456  200  968  457  395  452  460 10  0 13
 457  201  969  458  456  453  461 10  1 13
 458  202  970  459  457  454  462 10  2 13
 459  203  971  424  458  455  463 10  3 13
 460  204  972  461  399  456  464 10  0 12
 461  205  973  462  460  457  465 10  1 12
 462  206  974  463  461  458  466 10  2 12
 463  207  975  428  462  459  467 10  3 12
 464  208  976  465  403  460  468 10  0 11
 465  209  977  466  464  461  469 10  1 11
 466  210  978  467  465  462  470 10  2 11
 467  211  979  432  466  463  471 10  3 11
 468  212  980  469  407  464  472 10  0 10
 469  213  981  470  468  465  473 10  1 10
 470  214  982  471  469  466  474 10  2 10
 471  215  983  436  470  467  475 10  3 10
 472  216  984  473  411  468  476 10  0  9
 473  217  985  474  472  469  477 10  1  9
 474  218  986  475  473  470  478 10  2  9
 475  219  987  440  474  471  479 10  3  9
 476  220  988  477  415  472  284 10  0  8
 477  221  989  478  476  473  285 10  1  8
 478  222  990  479  477  474  286 10  2  8
 479  223  991  444  478  475  287 10  3  8
 512 1024    0  513  579  516  704  1  0  0
 513 1025    1  514  512  517  705  1  1  0
 514 1026    2  515  513  518  706  1  2  0
 515 1027    3  544  514  519  707  1  3  0
 516 1028    4  517  583  520  512  1  0  1
 517 1029    5  518  516  521  513  1  1  1
 518 1030    6  519  517  522  514  1  2  1
 519 1031    7  548  518  523  515  1  3  1
 520 1032    8  521  587  524  516  1  0  2
 521 1033    9  522  520  525  517  1  1  2
 522 1034   10  523  521  526  518  1  2  2
 523 1035   11  552  522  527  519  1  3  2
 524 1036   12  525  591  528  520  1  0  3
 525 1037   13  526  524  529  521  1  1  3
 526 1038   14  527  525  530  522  1  2  3
 527 1039   15  556  526  531  523  1  3  3
 528 1040   16  529  595  532  524  1  0  4
 529 1041   17  530  528  533  525  1  1  4
 530 1042   18  531  529  534  526  1  2  4
 531 1043   19  560  530  535  527  1  3  4
 532 1044   20  533  599  536  528  1  0  5
 533 1045   21  534  532  537  529  1  1  5
 534 1046   22  535  533  538  530  1  2  5
 535 1047   23  564  534  539  531  1  3  5
 536 1048   24  537  603  540  532  1  0  6
 537 1049   25  538  536  541  533  1  1  6
 538 1050   26  539  537  542  534  1  2  6
 539 1051   27  568  538  543  535  1  3  6
 540 1052   28  541  607  732  536  1  0  7
 541 1053   29  542  540  733  537  1  1  7
 542 1054   30  543  541  734  538  1  2  7
 543 1055   31  572  542  735  539  1  3  7
 544 1056   32  545  515  548  672  1  4  0
 545 1057   33  546  544  549  673  1  5  0
 546 1058   34  547  545  550  674  1  6  0
 547 1059   35  576  546  551  675  1  7  0
 548 1060   36  549  519  552  544  1  4  1
 549 1061   37  550  548  553  545  1  5  1
 550 1062   38  551  549  554  546  1  6  1
 551 1063   39  580  550  555  547  1  7  1
 552 1064   40  553  523  556  548  1  4  2
 553 1065   41  554  552  557  549  1  5  2
 554 1066   42  555  553  558  550  1  6  2
 555 1067   43  584  554  559  551  1  7  2
 556 1068   44  557  527  560  552  1  4  3
 557 1069   45  558  556  561  553  1  5  3
 558 1070   46  559  557  562  554  1  6  3
 559 1071   47  588  558  563  555  1  7  3
 560 1072   48  561  531  564  556  1  4  4
 561 1073   49  562  560  565  557  1  5  4
 562 1074   50  563  561  566  558  1  6  4
 563 1075   51  592  562  567  559  1  7  4
 564 1076   52  565  535  568  560  1  4  5
 565 1077   53  566  564  569  561  1  5  5
 566 1078   54  567  565  570  562  1  6  5
 567 1079   55  596  566  571  563  1  7  5
 568 1080   56  569  539  572  564  1  4  6
 569 1081   57  570  568  573  565  1  5  6
 570 1082   58  571  569  574  566  1  6  6
 571 1083   59  600  570  575  567  1  7  6
 572 1084   60  573  543  700  568  1  4  7
 573 1085   61  574  572  701  569  1  5  7
 574 1086   62  575  573  702  570  1  6  7
 575 1087   63  604  574  703  571  1  7  7
 576 1088   64  577  547  580  640  1  8  0
 577 1089   65  578  576  581  641  1  9  0
 578 1090   66  579  577  582  642  1 10  0
 579 1091   67  512  578  583  643  1 11  0
 580 1092   68  581  551  584  576  1  8  1
 581 1093   69  582  580  585  577  1  9  1
 582 1094   70  583  581  586  578  1 10  1
 583 1095   71  516  582  587  579  1 11  1
 584 1096   72  585  555  588  580  1  8  2
 585 1097   73  586  584  589  581  1  9  2
 586 1098   74  587  585  590  582  1 10  2
 587 1099   75  520  586  591  583  1 11  2
 588 1100   76  589  559  592  584  1  8  3
 589 1101   77  590  588  593  585  1  9  3
 590 1102   78  591  589  594  586  1 10  3
 591 1103   79  524  590  595  587  1 11  3
 592 1104   80  593  563  596  588  1  8  4
 593 1105   81  594  592  597  589  1  9  4
 594 1106   82  595  593  598  590  1 10  4
 595 1107   83  528  594  599  591  1 11  4
 596 1108   84  597  567  600  592  1  8  5
 597 1109   85  598  596  601  593  1  9  5
 598 1110   86  599  597  602  594  1 10  5
 599 1111   87  532  598  603  595  1 11  5
 600 1112   88  601  571  604  596  1  8  6
 601 1113   89  602  600  605  597  1  9  6
 602 1114   90  603  601  606  598  1 10  6
 603 1115   91  536  602  607  599  1 11  6
 604 1116   92  605  575  668  600  1  8  7
 605 1117   93  606  604  669  601  1  9  7
 606 1118   94  607  605  670  602  1 10  7
 607 1119   95  540  606  671  603  1 11  7
 640 1152  128  641  675  576  644  1  8 15
 641 1153  129  642  640  577  645  1  9 15
 642 1154  130  643  641  578  646  1 10 15
 643 1155  131  704  642  579  647  1 11 15
 644 1156  132  645  679  640  648  1  8 14
 645 1157  133  646  644  641  649  1  9 14
 646 1158  134  647  645  642  650  1 10 14
 647 1159  135  708  646  643  651  1 11 14
 648 1160  136  649  683  644  652  1  8 13
 649 1161  137  650  648  645  653  1  9 13
 650 1162  138  651  649  646  654  1 10 13
 651 1163  139  712  650  647  655  1 11 13
 652 1164  140  653  687  648  656  1  8 12
 653 1165  141  654  652  649  657  1  9 12
 654 1166  142  655  653  650  658  1 10 12
 655 1167  143  716  654  651  659  1 11 12
 656 1168  144  657  691  652  660  1  8 11
 657 1169  145  658  656  653  661  1  9 11
 658 1170  146  659  657  654  662  1 10 11
 659 1171  147  720  658  655  663  1 11 11
 660 1172  148  661  695  656  664  1  8 10
 661 1173  149  662  660  657  665  1  9 10
 662 1174  150  663  661  658  666  1 10 10
 663 1175  151  724  662  659  667  1 11 10
 664 1176  152  665  699  660  668  1  8  9
 665 1177  153  666  664  661  669  1  9  9
 666 1178  154  667  665  662  670  1 10  9
 667 1179  155  728  666  663  671  1 11  9
 668 1180  156  669  703  664  604  1  8  8
 669 1181  157  670  668  665  605  1  9  8
 670 1182  158  671  669  666  606  1 10  8
 671 1183  159  732  670  667  607  1 11  8
 672 1184  160  673  707  544  676  1  4 15
 673 1185  161  674  672  545  677  1  5 15
 674 1186  162  675  673  546  678  1  6 15
 675 1187  163  640  674  547  679  1  7 15
 676 1188  164  677  711  672  680  1  4 14
 677 1189  165  678  676  673  681  1  5 14
 678 1190  166  679  677  674  682  1  6 14
 679 1191  167  644  678  675  683  1  7 14
 680 1192  168  681  715  676  684  1  4 13
 681 1193  169  682  680  677  685  1  5 13
 682 1194  170  683  681  678  686  1  6 13
 683 1195  171  648  682  679  687  1  7 13
 684 1196  172  685  719  680  688  1  4 12
 685 1197  173  686  684  681  689  1  5 12
 686 1198  174  687  685  682  690  1  6 12
 687 1199  175  652  686  683  691  1  7 12
 688 1200  176  689  723  684  692  1  4 11
 689 1201  177  690  688  685  693  1  5 11
 690 1202  178  691  689  686  694  1  6 11
 691 1203  179  656  690  687  695  1  7 11
 692 1204  180  693  727  688  696  1  4 10
 693 1205  181  694  692  689  697  1  5 10
 694 1206  182  695  693  690  698  1  6 10
 695 1207  183  660  694  691  699  1  7 10
 696 1208  184  697  731  692  700  1  4  9
 697 1209  185  698  696  693  701  1  5  9
 698 1210  186  699  697  694  702  1  6  9
 699 1211  187  664  698  695  703  1  7  9
 700 1212  188  701  735  696  572  1  4  8
 701 1213  189  702  700  697  573  1  5  8
 702 1214  190  703  701  698  574  1  6  8
 703 1215  191  668  702  699  575  1  7  8
 704 1216  192  705  643  512  708  1  0 15
 705 1217  193  706  704  513  709  1  1 15
 706 1218  194  707  705  514  710  1  2 15
 707 1219  195  672  706  515  711  1  3 15
 708 1220  196  709  647  704  712  1  0 14
 709 1221  197  710  708  705  713  1  1 14
 710 1222  198  711  709  706  714  1  2 14
 711 1223  199  676  710  707  715  1  3 14
 712 1224  200  713  651  708  716  1  0 13
 713 1225  201  714  712  709  717  1  1 13
 714 1226  202  715  713  710  718  1  2 13
 715 1227  203  680  714  711  719  1  3 13
 716 1228  204  717  655  712  720  1  0 12
 717 1229  205  718  716  713  721  1  1 12
 718 1230  206  719  717  714  722  1  2 12
 719 1231  207  684  718  715  723  1  3 12
 720 1232  208  721  659  716  724  1  0 11
 721 1233  209  722  720  717  725  1  1 11
 722 1234  210  723  721  718  726  1  2 11
 723 1235  211  688  722  719  727  1  3 11
 724 1236  212  725  663  720  728  1  0 10
 725 1237  213  726  724  721  729  1  1 10
 726 1238  214  727  725  722  730  1  2 10
 727 1239  215  692  726  723  731  1  3 10
 728 1240  216  729  667  724  732  1  0  9
 729 1241  217  730  728  725  733  1  1  9
 730 1242  218  731  729  726  734  1  2  9
 731 1243  219  696  730  727  735  1  3  9
 732 1244  220  733  671  728  540  1  0  8
 733 1245  221  734  732  729  541  1  1  8
 734 1246  222  735  733  730  542  1  2  8
 735 1247  223  700  734  731  543  1  3  8
 768  256 1280  769  835  772  960  9  0  0
 769  257 1281  770  768  773  961  9  1  0
 770  258 1282  771  769  774  962  9  2  0
 771  259 1283  800  770  775  963  9  3  0
 772  260 1284  773  839  776  768  9  0  1
 773  261 1285  774  772  777  769  9  1  1
 774  262 1286  775  773  778  770  9  2  1
 775  263 1287  804  774  779  771  9  3  1
 776  264 1288  777  843  780  772  9  0  2
 777  265 1289  778  776  781  773  9  1  2
 778  266 1290  779  777  782  774  9  2  2
 779  267 1291  808  778  783  775  9  3  2
 780  268 1292  781  847  784  776  9  0  3
 781  269 1293  782  780  785  777  9  1  3
 782  270 1294  783  781  786  778  9  2  3
 783  271 1295  812  782  787  779  9  3  3
 784  272 1296  785  851  788  780  9  0  4
 785  273 1297  786  784  789  781  9  1  4
 786  274 1298  787  785  790  782  9  2  4
 787  275 1299  816  786  791  783  9  3  4
 788  276 1300  789  855  792  784  9  0  5
 789  277 1301  790  788  793  785  9  1  5
 790  278 1302  791  789  794  786  9  2  5
 791  279 1303  820  790  795  787  9  3  5
 792  280 1304  793  859  796  788  9  0  6
 793  281 1305  794  792  797  789  9  1  6
 794  282 1306  795  793  798  790  9  2  6
 795  283 1307  824  794  799  791  9  3  6
 796  284 1308  797  863  988  792  9  0  7
 797  285 1309  798  796  989  793  9  1  7
 798  286 1310  799  797  990  794  9  2  7
 799  287 1311  828  798  991  795  9  3  7
 800  288 1312  801  771  804  928  9  4  0
 801  289 1313  802  800  805  929  9  5  0
 802  290 1314  803  801  806  930  9  6  0
 803  291 1315  832  802  807  931  9  7  0
 804  292 1316  805  775  808  800  9  4  1
 805  293 1317  806  804  809  801  9  5  1
 806  294 1318  807  805  810  802  9  6  1
 807  295 1319  836  806  811  803  9  7  1
 808  296 1320  809  779  812  804  9  4  2
 809  297 1321  810  808  813  805  9  5  2
 810  298 1322  811  809  814  806  9  6  2
 811  299 1323  840  810  815  807  9  7  2
 812  300 1324  813  783  816  808  9  4  3
 813  301 1325  814  812  817  809  9  5  3
 814  302 1326  815  813  818  810  9  6  3
 815  303 1327  844  814  819  811  9  7  3
 816  304 1328  817  787  820  812  9  4  4
 817  305 1329  818  816  821  813  9  5  4
 818  306 1330  819  817  822  814  9  6  4
 819  307 1331  848  818  823  815  9  7  4
 820  308 1332  821  791  824  816  9  4  5
 821  309 1333  822  820  825  817  9  5  5
 822  310 1334  823  821  826  818  9  6  5
 823  311 1335  852  822  827  819  9  7  5
 824  312 1336  825  795  828  820  9  4  6
 825  313 1337  826  824  829  821  9  5  6
 826  314 1338  827  825  830  822  9  6  6
 827  315 1339  856  826  831  823  9  7  6
 828  316 1340  829  799  956  824  9  4  7
 829  317 1341  830  828  957  825  9  5  7
 830  318 1342  831  829  958  826  9  6  7
 831  319 1343  860  830  959  827  9  7  7
 832  320 1344  833  803  836  896  9  8  0
 833  321 1345  834  832  837  897  9  9  0
 834  322 1346  835  833  838  898  9 10  0
 835  323 1347  768  834  839  899  9 11  0
 836  324 1348  837  807  840  832  9  8  1
 837  325 1349  838  836  841  833  9  9  1
 838  326 1350  839  837  842  834  9 10  1
 839  327 1351  772  838  843  835  9 11  1
 840  328 1352  841  811  844  836  9  8  2
 841  329 1353  842  840  845  837  9  9  2
 842  330 1354  843  841  846  838  9 10  2
 843  331 1355  776  842  847  839  9 11  2
 844  332 1356  845  815  848  840  9  8  3
 845  333 1357  846  844  849  841  9  9  3
 846  334 1358  847  845  850  842  9 10  3
 847  335 1359  780  846  851  843  9 11  3
 848  336 1360  849  819  852  844  9  8  4
 849  337 1361  850  848  853  845  9  9  4
 850  338 1362  851  849  854  846  9 10  4
 851  339 1363  784  850  855  847  9 11  4
 852  340 1364  853  823  856  848  9  8  5
 853  341 1365  854  852  857  849  9  9  5
 854  342 1366  855  853  858  850  9 10  5
 855  343 1367  788  854  859  851  9 11  5
 856  344 1368  857  827  860  852  9  8  6
 857  345 1369  858  856  861  853  9  9  6
 858  346 1370  859  857  862  854  9 10  6
 859  347 1371  792  858  863  855  9 11  6
 860  348 1372  861  831  924  856  9  8  7
 861  349 1373  862  860  925  857  9  9  7
 862  350 1374  863  861  926  858  9 10  7
 863  351 1375  796  862  927  859  9 11  7
 896  384 1408  897  931  832  900  9  8 15
 897  385 1409  898  896  833  901  9  9 15
 898  386 1410  899  897  834  902  9 10 15
 899  387 1411  960  898  835  903  9 11 15
 900  388 1412  901  935  896  904  9  8 14
 901  389 1413  902  900  897  905  9  9 14
 902  390 1414  903  901  898  906  9 10 14
 903  391 1415  964  902  899  907  9 11 14
 904  392 1416  905  939  900  908  9  8 13
 905  393 1417  906  904  901  909  9  9 13
 906  394 1418  907  905  902  910  9 10 13
 907  395 1419  968  906  903  911  9 11 13
 908  396 1420  909  943  904  912  9  8 12
 909  397 1421  910  908  905  913  9  9 12
 910  398 1422  911  909  906  914  9 10 12
 911  399 1423  972  910  907  915  9 11 12
 912  400 1424  913  947  908  916  9  8 11
 913  401 1425  914  912  909  917  9  9 11
 914  402 1426  915  913  910  918  9 10 11
 915  403 1427  976  914  911  919  9 11 11
 916  404 1428  917  951  912  920  9  8 10
 917  405 1429  918  916  913  921  9  9 10
 918  406 1430  919  917  914  922  9 10 10
 919  407 1431  980  918  915  923  9 11 10
 920  408 1432  921  955  916  924  9  8  9
 921  409 1433  922  920  917  925  9  9  9
 922  410 1434  923  921  918  926  9 10  9
 923  411 1435  984  922  919  927  9 11  9
 924  412 1436  925  959  920  860  9  8  8
 925  413 1437  926  924  921  861  9  9  8
 926  414 1438  927  925  922  862  9 10  8
 927  415 1439  988  926  923  863  9 11  8
 928  416 1440  929  963  800  932  9  4 15
 929  417 1441  930  928  801  933  9  5 15
 930  418 1442  931  929  802  934  9  6 15
 931  419 1443  896  930  803  935  9  7 15
 932  420 1444  933  967  928  936  9  4 14
 933  421 1445  934  932  929  937  9  5 14
 934  422 1446  935  933  930  938  9  6 14
 935  423 1447  900  934  931  939  9  7 14
 936  424 1448  937  971  932  940  9  4 13
 937  425 1449  938  936  933  941  9  5 13
 938  426 1450  939  937  934  942  9  6 13
 939  427 1451  904  938  935  943  9  7 13
 940  428 1452  941  975  936  944  9  4 12
 941  429 1453  942  940  937  945  9  5 12
 942  430 1454  943  941  938  946  9  6 12
 943  431 1455  908  942  939  947  9  7 12
 944  432 1456  945  979  940  948  9  4 11
 945  433 1457  946  944  941  949  9  5 11
 946  434 1458  947  945  942  950  9  6 11
 947  435 1459  912  946  943  951  9  7 11
 948  436 1460  949  983  944  952  9  4 10
 949  437 1461  950  948  945  953  9  5 10
 950  438 1462  951  949  946  954  9  6 10
 951  439 1463  916  950  947  955  9  7 10
 952  440 1464  953  987  948  956  9  4  9
 953  441 1465  954  952  949  957  9  5  9
 954  442 1466  955  953  950  958  9  6  9
 955  443 1467  920  954  951  959  9  7  9
 956  444 1468  957  991  952  828  9  4  8
 957  445 1469  958  956  953  829  9  5  8
 958  446 1470  959  957  954  830  9  6  8
 959  447 1471  924  958  955  831  9  7  8
 960  448 1472  961  899  768  964  9  0 15
 961  449 1473  962  960  769  965  9  1 15
 962  450 1474  963  961  770  966  9  2 15
 963  451 1475  928  962  771  967  9  3 15
 964  452 1476  965  903  960  968  9  0 14
 965  453 1477  966  964  961  969  9  1 14
 966  454 1478  967  965  962  970  9  2 14
 967  455 1479  932  966  963  971  9  3 14
 968  456 1480  969  907  964  972  9  0 13
 969  457 1481  970  968  965  973  9  1 13
 970  458 1482  971  969  966  974  9  2 13
 971  459 1483  936  970  967  975  9  3 13
 972  460 1484  973  911  968  976  9  0 12
 973  461 1485  974  972  969  977  9  1 12
 974  462 1486  975  973  970  978  9  2 12
 975  463 1487  940  974  971  979  9  3 12
 976  464 1488  977  915  972  980  9  0 11
 977  465 1489  978  976  973  981  9  1 11
 978  466 1490  979  977  974  982  9  2 11
 979  467 1491  944  978  975  983  9  3 11
 980  468 1492  981  919  976  984  9  0 10
 981  469 1493  982  980  977  985  9  1 10
 982  470 1494  983  981  978  986  9  2 10
 983  471 1495  948  982  979  987  9  3 10
 984  472 1496  985  923  980  988  9  0  9
 985  473 1497  986  984  981  989  9  1  9
 986  474 1498  987  985  982  990  9  2  9
 987  475 1499  952  986  983  991  9  3  9
 988  476 1500  989  927  984  796  9  0  8
 989  477 1501  990  988  985  797  9  1  8
 990  478 1502  991  989  986  798  9  2  8
 991  479 1503  956  990  987  799  9  3  8
1024 1536  512 1025 1091 1028 1216  2  0  0
1025 1537  513 1026 1024 1029 1217  2  1  0
1026 1538  514 1027 1025 1030 1218  2  2  0
1027 1539  515 1056 1026 1031 1219  2  3  0
1028 1540  516 1029 1095 1032 1024  2  0  1
1029 1541  517 1030 1028 1033 1025  2  1  1
1030 1542  518 1031 1029 1034 1026  2  2  1
1031 1543  519 1060 1030 1035 1027  2  3  1
1032 1544  520 1033 1099 1036 1028  2  0  2
1033 1545  521 1034 1032 1037 1029  2  1  2
1034 1546  522 1035 1033 1038 1030  2  2  2
1035 1547  523 1064 1034 1039 1031  2  3  2
1036 1548  524 1037 1103 1040 1032  2  0  3
1037 1549  525 1038 1036 1041 1033  2  1  3
1038 1550  526 1039 1037 1042 1034  2  2  3
1039 1551  527 1068 1038 1043 1035  2  3  3
1040 1552  528 1041 1107 1044 1036  2  0  4
1041 1553  529 1042 1040 1045 1037  2  1  4
1042 1554  530 1043 1041 1046 1038  2  2  4
1043 1555  531 1072 1042 1047 1039  2  3  4
1044 1556  532 1045 1111 1048 1040  2  0  5
1045 1557  533 1046 1044 1049 1041  2  1  5
1046 1558  534 1047 1045 1050 1042  2  2  5
1047 1559  535 1076 1046 1051 1043  2  3  5
1048 1560  536 1049 1115 1052 1044  2  0  6
1049 1561  537 1050 1048 1053 1045  2  1  6
1050 1562  538 1051 1049 1054 1046  2  2  6
1051 1563  539 1080 1050 1055 1047  2  3  6
1052 1564  540 1053 1119 1244 1048  2  0  7
1053 1565  541 1054 1052 1245 1049  2  1  7
1054 1566  542 1055 1053 1246 1050  2  2  7
1055 1567  543 1084 1054 1247 1051  2  3  7
1056 1568  544 1057 1027 1060 1184  2  4  0
1057 1569  545 1058 1056 1061 1185  2  5  0
1058 1570  546 1059 1057 1062 1186  2  6  0
1059 1571  547 1088 1058 1063 1187  2  7  0
1060 1572  548 1061 1031 1064 1056  2  4  1
1061 1573  549 1062 1060 1065 1057  2  5  1
1062 1574  550 1063 1061 1066 1058  2  6  1
1063 1575  551 1092 1062 1067 1059  2  7  1
1064 1576  552 1065 1035 1068 1060  2  4  2
1065 1577  553 1066 1064 1069 1061  2  5  2
1066 1578  554 1067 1065 1070 1062  2  6  2
1067 1579  555 1096 1066 1071 1063  2  7  2
1068 1580  556 1069 1039 1072 1064  2  4  3
1069 1581  557 1070 1068 1073 1065  2  5  3
1070 1582  558 1071 1069 1074 1066  2  6  3
1071 1583  559 1100 1070 1075 1067  2  7  3
1072 1584  560 1073 1043 1076 1068  2  4  4
1073 1585  561 1074 1072 1077 1069  2  5  4
1074 1586  562 1075 1073 1078 1070  2  6  4
1075 1587  563 1104 1074 1079 1071  2  7  4
1076 1588  564 1077 1047 1080 1072  2  4  5
1077 1589  565 1078 1076 1081 1073  2  5  5
1078 1590  566 1079 1077 1082 1074  2  6  5
1079 1591  567 1108 1078 1083 1075  2  7  5
1080 1592  568 1081 1051 1084 1076  2  4  6
1081 1593  569 1082 1080 1085 1077  2  5  6
1082 1594  570 1083 1081 1086 1078  2  6  6
1083 1595  571 1112 1082 1087 1079  2  7  6
1084 1596  572 1085 1055 1212 1080  2  4  7
1085 1597  573 1086 1084 1213 1081  2  5  7
1086 1598  574 1087 1085 1214 1082  2  6  7
1087 1599  575 1116 1086 1215 1083  2  7  7
1088 1600  576 1089 1059 1092 1152  2  8  0
1089 1601  577 1090 1088 1093 1153  2  9  0
1090 1602  578 1091 1089 1094 1154  2 10  0
1091 1603  579 1024 1090 1095 1155  2 11  0
1092 1604  580 1093 1063 1096 1088  2  8  1
1093 1605  581 1094 1092 1097 1089  2  9  1
1094 1606  582 1095 1093 1098 1090  2 10  1
1095 1607  583 1028 1094 1099 1091  2 11  1
1096 1608  584 1097 1067 1100 1092  2  8  2
1097 1609  585 1098 1096 1101 1093  2  9  2
1098 1610  586 1099 1097 1102 1094  2 10  2
1099 1611  587 1032 1098 1103 1095  2 11  2
1100 1612  588 1101 1071 1104 1096  2  8  3
1101 1613  589 1102 1100 1105 1097  2  9  3
1102 1614  590 1103 1101 1106 1098  2 10  3
1103 1615  591 1036 1102 1107 1099  2 11  3
1104 1616  592 1105 1075 1108 1100  2  8  4
1105 1617  593 1106 1104 1109 1101  2  9  4
1106 1618  594 1107 1105 1110 1102  2 10  4
1107 1619  595 1040 1106 1111 1103  2 11  4
1108 1620  596 1109 1079 1112 1104  2  8  5
1109 1621  597 1110 1108 1113 1105  2  9  5
1110 1622  598 1111 1109 1114 1106  2 10  5
1111 1623  599 1044 1110 1115 1107  2 11  5
1112 1624  600 1113 1083 1116 1108  2  8  6
1113 1625  601 1114 1112 1117 1109  2  9  6
1114 1626  602 1115 1113 1118 1110  2 10  6
1115 1627  603 1048 1114 1119 1111  2 11  6
1116 1628  604 1117 1087 1180 1112  2  8  7
1117 1629  605 1118 1116 1181 1113  2  9  7
1118 1630  606 1119 1117 1182 1114  2 10  7
1119 1631  607 1052 1118 1183 1115  2 11  7
1152 1664  640 1153 1187 1088 1156  2  8 15
1153 1665  641 1154 1152 1089 1157  2  9 15
1154 1666  642 1155 1153 1090 1158  2 10 15
1155 1667  643 1216 1154 1091 1159  2 11 15
1156 1668  644 1157 1191 1152 1160  2  8 14
1157 1669  645 1158 1156 1153 1161  2  9 14
1158 1670  646 1159 1157 1154 1162  2 10 14
1159 1671  647 1220 1158 1155 1163  2 11 14
1160 1672  648 1161 1195 1156 1164  2  8 13
1161 1673  649 1162 1160 1157 1165  2  9 13
1162 1674  650 1163 1161 1158 1166  2 10 13
1163 1675  651 1224 1162 1159 1167  2 11 13
1164 1676  652 1165 1199 1160 1168  2  8 12
1165 1677  653 1166 1164 1161 1169  2  9 12
1166 1678  654 1167 1165 1162 1170  2 10 12
1167 1679  655 1228 1166 1163 1171  2 11 12
1168 1680  656 1169 1203 1164 1172  2  8 11
1169 1681  657 1170 1168 1165 1173  2  9 11
1170 1682  658 1171 1169 1166 1174  2 10 11
1171 1683  659 1232 1170 1167 1175  2 11 11
1172 1684  660 1173 1207 1168 1176  2  8 10
1173 1685  661 1174 1172 1169 1177  2  9 10
1174 1686  662 1175 1173 1170 1178  2 10 10
1175 1687  663 1236 1174 1171 1179  2 11 10
1176 1688  664 1177 1211 1172 1180  2  8  9
1177 1689  665 1178 1176 1173 1181  2  9  9
1178 1690  666 1179 1177 1174 1182  2 10  9
1179 1691  667 1240 1178 1175 1183  2 11  9
1180 1692  668 1181 1215 1176 1116  2  8  8
1181 1693  669 1182 1180 1177 1117  2  9  8
1182 1694  670 1183 1181 1178 1118  2 10  8
1183 1695  671 1244 1182 1179 1119  2 11  8
1184 1696  672 1185 1219 1056 1188  2  4 15
1185 1697  673 1186 1184 1057 1189  2  5 15
1186 1698  674 1187 1185 1058 1190  2  6 15
1187 1699  675 1152 1186 1059 1191  2  7 15
1188 1700  676 1189 1223 1184 1192  2  4 14
1189 1701  677 1190 1188 1185 1193  2  5 14
1190 1702  678 1191 1189 1186 1194  2  6 14
1191 1703  679 1156 1190 1187 1195  2  7 14
1192 1704  680 1193 1227 1188 1196  2  4 13
1193 1705  681 1194 1192 1189 1197  2  5 13
1194 1706  682 1195 1193 1190 1198  2  6 13
1195 1707  683 1160 1194 1191 1199  2  7 13
1196 1708  684 1197 1231 1192 1200  2  4 12
1197 1709  685 1198 1196 1193 1201  2  5 12
1198 1710  686 1199 1197 1194 1202  2  6 12
1199 1711  687 1164 1198 1195 1203  2  7 12
1200 1712  688 1201 1235 1196 1204  2  4 11
1201 1713  689 1202 1200 1197 1205  2  5 11
1202 1714  690 1203 1201 1198 1206  2  6 11
1203 1715  691 1168 1202 1199 1207  2  7 11
1204 1716  692 1205 1239 1200 1208  2  4 10
1205 1717  693 1206 1204 1201 1209  2  5 10
1206 1718  694 1207 1205 1202 1210  2  6 10
1207 1719  695 1172 1206 1203 1211  2  7 10
1208 1720  696 1209 1243 1204 1212  2  4  9
1209 1721  697 1210 1208 1205 1213  2  5  9
1210 1722  698 1211 1209 1206 1214  2  6  9
1211 1723  699 1176 1210 1207 1215  2  7  9
1212 1724  700 1213 1247 1208 1084  2  4  8
1213 1725  701 1214 1212 1209 1085  2  5  8
1214 1726  702 1215 1213 1210 1086  2  6  8
1215 1727  703 1180 1214 1211 1087  2  7  8
1216 1728  704 1217 1155 1024 1220  2  0 15
1217 1729  705 1218 1216 1025 1221  2  1 15
1218 1730  706 1219 1217 1026 1222  2  2 15
1219 1731  707 1184 1218 1027 1223  2  3 15
1220 1732  708 1221 1159 1216 1224  2  0 14
1221 1733  709 1222 1220 1217 1225  2  1 14
1222 1734  710 1223 1221 1218 1226  2  2 14
1223 1735  711 1188 1222 1219 1227  2  3 14
1224 1736  712 1225 1163 1220 1228  2  0 13
1225 1737  713 1226 1224 1221 1229  2  1 13
1226 1738  714 1227 1225 1222 1230  2  2 13
1227 1739  715 1192 1226 1223 1231  2  3 13
1228 1740  716 1229 1167 1224 1232  2  0 12
1229 1741  717 1230 1228 1225 1233  2  1 12
1230 1742  718 1231 1229 1226 1234  2  2 12
1231 1743  719 1196 1230 1227 1235  2  3 12
1232 1744  720 1233 1171 1228 1236  2  0 11
1233 1745  721 1234 1232 1229 1237  2  1 11
1234 1746  722 1235 1233 1230 1238  2  2 11
1235 1747  723 1200 1234 1231 1239  2  3 11
1236 1748  724 1237 1175 1232 1240  2  0 10
1237 1749  725 1238 1236 1233 1241  2  1 10
1238 1750  726 1239 1237 1234 1242  2  2 10
1239 1751  727 1204 1238 1235 1243  2  3 10
1240 1752  728 1241 1179 1236 1244  2  0  9
1241 1753  729 1242 1240 1237 1245  2  1  9
1242 1754  730 1243 1241 1238 1246  2  2  9
1243 1755  731 1208 1242 1239 1247  2  3  9
1244 1756  732 1245 1183 1240 1052  2  0  8
1245 1757  733 1246 1244 1241 1053  2  1  8
1246 1758  734 1247 1245 1242 1054  2  2  8
1247 1759  735 1212 1246 1243 1055  2  3  8
1280  768 1792 1281 1347 1284 1472  8  0  0
1281  769 1793 1282 1280 1285 1473  8  1  0
1282  770 1794 1283 1281 1286 1474  8  2  0
1283  771 1795 1312 1282 1287 1475  8  3  0
1284  772 1796 1285 1351 1288 1280  8  0  1
1285  773 1797 1286 1284 1289 1281  8  1  1
1286  774 1798 1287 1285 1290 1282  8  2  1
1287  775 1799 1316 1286 1291 1283  8  3  1
1288  776 1800 1289 1355 1292 1284  8  0  2
1289  777 1801 1290 1288 1293 1285  8  1  2
1290  778 1802 1291 1289 1294 1286  8  2  2
1291  779 1803 1320 1290 1295 1287  8  3  2
1292  780 1804 1293 1359 1296 1288  8  0  3
1293  781 1805 1294 1292 1297 1289  8  1  3
1294  782 1806 1295 1293 1298 1290  8  2  3
1295  783 1807 1324 1294 1299 1291  8  3  3
1296  784 1808 1297 1363 1300 1292  8  0  4
1297  785 1809 1298 1296 1301 1293  8  1  4
1298  786 1810 1299 1297 1302 1294  8  2  4
1299  787 1811 1328 1298 1303 1295  8  3  4
1300  788 1812 1301 1367 1304 1296  8  0  5
1301  789 1813 1302 1300 1305 1297  8  1  5
1302  790 1814 1303 1301 1306 1298  8  2  5
1303  791 1815 1332 1302 1307 1299  8  3  5
1304  792 1816 1305 1371 1308 1300  8  0  6
1305  793 1817 1306 1304 1309 1301  8  1  6
1306  794 1818 1307 1305 1310 1302  8  2  6
1307  795 1819 1336 1306 1311 1303  8  3  6
1308  796 1820 1309 1375 1500 1304  8  0  7
1309  797 1821 1310 1308 1501 1305  8  1  7
1310  798 1822 1311 1309 1502 1306  8  2  7
1311  799 1823 1340 1310 1503 1307  8  3  7
1312  800 1824 1313 1283 1316 1440  8  4  0
1313  801 1825 1314 1312 1317 1441  8  5  0
1314  802 1826 1315 1313 1318 1442  8  6  0
1315  803 1827 1344 1314 1319 1443  8  7  0
1316  804 1828 1317 1287 1320 1312  8  4  1
1317  805 1829 1318 1316 1321 1313  8  5  1
1318  806 1830 1319 1317 1322 1314  8  6  1
1319  807 1831 1348 1318 1323 1315  8  7  1
1320  808 1832 1321 1291 1324 1316  8  4  2
1321  809 1833 1322 1320 1325 1317  8  5  2
1322  810 1834 1323 1321 1326 1318  8  6  2
1323  811 1835 1352 1322 1327 1319  8  7  2
1324  812 1836 1325 1295 1328 1320  8  4  3
1325  813 1837 1326 1324 1329 1321  8  5  3
1326  814 1838 1327 1325 1330 1322  8  6  3
1327  815 1839 1356 1326 1331 1323  8  7  3
1328  816 1840 1329 1299 1332 1324  8  4  4
1329  817 1841 1330 1328 1333 1325  8  5  4
1330  818 1842 1331 1329 1334 1326  8  6  4
1331  819 1843 1360 1330 1335 1327  8  7  4
1332  820 1844 1333 1303 1336 1328  8  4  5
1333  821 1845 1334 1332 1337 1329  8  5  5
1334  822 1846 1335 1333 1338 1330  8  6  5
1335  823 1847 1364 1334 1339 1331  8  7  5
1336  824 1848 1337 1307 1340 1332  8  4  6
1337  825 1849 1338 1336 1341 1333  8  5  6
1338  826 1850 1339 1337 1342 1334  8  6  6
1339  827 1851 1368 1338 1343 1335  8  7  6
1340  828 1852 1341 1311 1468 1336  8  4  7
1341  829 1853 1342 1340 1469 1337  8  5  7
1342  830 1854 1343 1341 1470 1338  8  6  7
1343  831 1855 1372 1342 1471 1339  8  7  7
1344  832 1856 1345 1315 1348 1408  8  8  0
1345  833 1857 1346 1344 1349 1409  8  9  0
1346  834 1858 1347 1345 1350 1410  8 10  0
1347  835 1859 1280 1346 1351 1411  8 11  0
1348  836 1860 1349 1319 1352 1344  8  8  1
1349  837 1861 1350 1348 1353 1345  8  9  1
1350  838 1862 1351 1349 1354 1346  8 10  1
1351  839 1863 1284 1350 1355 1347  8 11  1
1352  840 1864 1353 1323 1356 1348  8  8  2
1353  841 1865 1354 1352 1357 1349  8  9  2
1354  842 1866 1355 1353 1358 1350  8 10  2
1355  843 1867 1288 1354 1359 1351  8 11  2
1356  844 1868 1357 1327 1360 1352  8  8  3
1357  845 1869 1358 1356 1361 1353  8  9  3
1358  846 1870 1359 1357 1362 1354  8 10  3
1359  847 1871 1292 1358 1363 1355  8 11  3
1360  848 1872 1361 1331 1364 1356  8  8  4
1361  849 1873 1362 1360 1365 1357  8  9  4
1362  850 1874 1363 1361 1366 1358  8 10  4
1363  851 1875 1296 1362 1367 1359  8 11  4
1364  852 1876 1365 1335 1368 1360  8  8  5
1365  853 1877 1366 1364 1369 1361  8  9  5
1366  854 1878 1367 1365 1370 1362  8 10  5
1367  855 1879 1300 1366 1371 1363  8 11  5
1368  856 1880 1369 1339 1372 1364  8  8  6
1369  857 1881 1370 1368 1373 1365  8  9  6
1370  858 1882 1371 1369 1374 1366  8 10  6
1371  859 1883 1304 1370 1375 1367  8 11  6
1372  860 1884 1373 1343 1436 1368  8  8  7
1373  861 1885 1374 1372 1437 1369  8  9  7
1374  862 1886 1375 1373 1438 1370  8 10  7
1375  863 1887 1308 1374 1439 1371  8 11  7
1408  896 1920 1409 1443 1344 1412  8  8 15
1409  897 1921 1410 1408 1345 1413  8  9 15
1410  898 1922 1411 1409 1346 1414  8 10 15
1411  899 1923 1472 1410 1347 1415  8 11 15
1412  900 1924 1413 1447 1408 1416  8  8 14
1413  901 1925 1414 1412 1409 1417  8  9 14
1414  902 1926 1415 1413 1410 1418  8 10 14
1415  903 1927 1476 1414 1411 1419  8 11 14
1416  904 1928 1417 1451 1412 1420  8  8 13
1417  905 1929 1418 1416 1413 1421  8  9 13
1418  906 1930 1419 1417 1414 1422  8 10 13
1419  907 1931 1480 1418 1415 1423  8 11 13
1420  908 1932 1421 1455 1416 1424  8  8 12
1421  909 1933 1422 1420 1417 1425  8  9 12
1422  910 1934 1423 1421 1418 1426  8 10 12
1423  911 1935 1484 1422 1419 1427  8 11 12
1424  912 1936 1425 1459 1420 1428  8  8 11
1425  913 1937 1426 1424 1421 1429  8  9 11
1426  914 1938 1427 1425 1422 1430  8 10 11
1427  915 1939 1488 1426 1423 1431  8 11 11
1428  916 1940 1429 1463 1424 1432  8  8 10
1429  917 1941 1430 1428 1425 1433  8  9 10
1430  918 1942 1431 1429 1426 1434  8 10 10
1431  919 1943 1492 1430 1427 1435  8 11 10
1432  920 1944 1433 1467 1428 1436  8  8  9
1433  921 1945 1434 1432 1429 1437  8  9  9
1434  922 1946 1435 1433 1430 1438  8 10  9
1435  923 1947 1496 1434 1431 1439  8 11  9
1436  924 1948 1437 1471 1432 1372  8  8  8
1437  925 1949 1438 1436 1433 1373  8  9  8
1438  926 1950 1439 1437 1434 1374  8 10  8
1439  927 1951 1500 1438 1435 1375  8 11  8
1440  928 1952 1441 1475 1312 1444  8  4 15
1441  929 1953 1442 1440 1313 1445  8  5 15
1442  930 1954 1443 1441 1314 1446  8  6 15
1443  931 1955 1408 1442 1315 1447  8  7 15
1444  932 1956 1445 1479 1440 1448  8  4 14
1445  933 1957 1446 1444 1441 1449  8  5 14
1446  934 1958 1447 1445 1442 1450  8  6 14
1447  935 1959 1412 1446 1443 1451  8  7 14
1448  936 1960 1449 1483 1444 1452  8  4 13
1449  937 1961 1450 1448 1445 1453  8  5 13
1450  938 1962 1451 1449 1446 1454  8  6 13
1451  939 1963 1416 1450 1447 1455  8  7 13
1452  940 1964 1453 1487 1448 1456  8  4 12
1453  941 1965 1454 1452 1449 1457  8  5 12
1454  942 1966 1455 1453 1450 1458  8  6 12
1455  943 1967 1420 1454 1451 1459  8  7 12
1456  944 1968 1457 1491 1452 1460  8  4 11
1457  945 1969 1458 1456 1453 1461  8  5 11
1458  946 1970 1459 1457 1454 1462  8  6 11
1459  947 1971 1424 1458 1455 1463  8  7 11
1460  948 1972 1461 1495 1456 1464  8  4 10
1461  949 1973 1462 1460 1457 1465  8  5 10
1462  950 1974 1463 1461 1458 1466  8  6 10
1463  951 1975 1428 1462 1459 1467  8  7 10
1464  952 1976 1465 1499 1460 1468  8  4  9
1465  953 1977 1466 1464 1461 1469  8  5  9
1466  954 1978 1467 1465 1462 1470  8  6  9
1467  955 1979 1432 1466 1463 1471  8  7  9
1468  956 1980 1469 1503 1464 1340  8  4  8
1469  957 1981 1470 1468 1465 1341  8  5  8
1470  958 1982 1471 1469 1466 1342  8  6  8
1471  959 1983 1436 1470 1467 1343  8  7  8
1472  960 1984 1473 1411 1280 1476  8  0 15
1473  961 1985 1474 1472 1281 1477  8  1 15
1474  962 1986 1475 1473 1282 1478  8  2 15
1475  963 1987 1440 1474 1283 1479  8  3 15
1476  964 1988 1477 1415 1472 1480  8  0 14
1477  965 1989 1478 1476 1473 1481  8  1 14
1478  966 1990 1479 1477 1474 1482  8  2 14
1479  967 1991 1444 1478 1475 1483  8  3 14
1480  968 1992 1481 1419 1476 1484  8  0 13
1481  969 1993 1482 1480 1477 1485  8  1 13
1482  970 1994 1483 1481 1478 1486  8  2 13
1483  971 1995 1448 1482 1479 1487  8  3 13
1484  972 1996 1485 1423 1480 1488  8  0 12
1485  973 1997 1486 1484 1481 1489  8  1 12
1486  974 1998 1487 1485 1482 1490  8  2 12
1487  975 1999 1452 1486 1483 1491  8  3 12
1488  976 2000 1489 1427 1484 1492  8  0 11
1489  977 2001 1490 1488 1485 1493  8  1 11
1490  978 2002 1491 1489 1486 1494  8  2 11
1491  979 2003 1456 1490 1487 1495  8  3 11
1492  980 2004 1493 1431 1488 1496  8  0 10
1493  981 2005 1494 1492 1489 1497  8  1 10
1494  982 2006 1495 1493 1490 1498  8  2 10
1495  983 2007 1460 1494 1491 1499  8  3 10
1496  984 2008 1497 1435 1492 1500  8  0  9
1497  985 2009 1498 1496 1493 1501  8  1  9
1498  986 2010 1499 1497 1494 1502  8  2  9
1499  987 2011 1464 1498 1495 1503  8  3  9
1500  988 2012 1501 1439 1496 1308  8  0  8
1501  989 2013 1502 1500 1497 1309  8  1  8
1502  990 2014 1503 1501 1498 1310  8  2  8
1503  991 2015 1468 1502 1499 1311  8  3  8
1536 2048 1024 1537 1603 1540 1728  3  0  0
1537 2049 1025 1538 1536 1541 1729  3  1  0
1538 2050 1026 1539 1537 1542 1730  3  2  0
1539 2051 1027 1568 1538 1543 1731  3  3  0
1540 2052 1028 1541 1607 1544 1536  3  0  1
1541 2053 1029 1542 1540 1545 1537  3  1  1
1542 2054 1030 1543 1541 1546 1538  3  2  1
1543 2055 1031 1572 1542 1547 1539  3  3  1
1544 2056 1032 1545 1611 1548 1540  3  0  2
1545 2057 1033 1546 1544 1549 1541  3  1  2
1546 2058 1034 1547 1545 1550 1542  3  2  2
1547 2059 1035 1576 1546 1551 1543  3  3  2
1548 2060 1036 1549 1615 1552 1544  3  0  3
1549 2061 1037 1550 1548 1553 1545  3  1  3
1550 2062 1038 1551 1549 1554 1546  3  2  3
1551 2063 1039 1580 1550 1555 1547  3  3  3
1552 2064 1040 1553 1619 1556 1548  3  0  4
1553 2065 1041 1554 1552 1557 1549  3  1  4
1554 2066 1042 1555 1553 1558 1550  3  2  4
1555 2067 1043 1584 1554 1559 1551  3  3  4
1556 2068 1044 1557 1623 1560 1552  3  0  5
1557 2069 1045 1558 1556 1561 1553  3  1  5
1558 2070 1046 1559 1557 1562 1554  3  2  5
1559 2071 1047 1588 1558 1563 1555  3  3  5
1560 2072 1048 1561 1627 1564 1556  3  0  6
1561 2073 1049 1562 1560 1565 1557  3  1  6
1562 2074 1050 1563 1561 1566 1558  3  2  6
1563 2075 1051 1592 1562 1567 1559  3  3  6
1564 2076 1052 1565 1631 1756 1560  3  0  7
1565 2077 1053 1566 1564 1757 1561  3  1  7
1566 2078 1054 1567 1565 1758 1562  3  2  7
1567 2079 1055 1596 1566 1759 1563  3  3  7
1568 2080 1056 1569 1539 1572 1696  3  4  0
1569 2081 1057 1570 1568 1573 1697  3  5  0
1570 2082 1058 1571 1569 1574 1698  3  6  0
1571 2083 1059 1600 1570 1575 1699  3  7  0
1572 2084 1060 1573 1543 1576 1568  3  4  1
1573 2085 1061 1574 1572 1577 1569  3  5  1
1574 2086 1062 1575 1573 1578 1570  3  6  1
1575 2087 1063 1604 1574 1579 1571  3  7  1
1576 2088 1064 1577 1547 1580 1572  3  4  2
1577 2089 1065 1578 1576 1581 1573  3  5  2
1578 2090 1066 1579 1577 1582 1574  3  6  2
1579 2091 1067 1608 1578 1583 1575  3  7  2
1580 2092 1068 1581 1551 1584 1576  3  4  3
1581 2093 1069 1582 1580 1585 1577  3  5  3
1582 2094 1070 1583 1581 1586 1578  3  6  3
1583 2095 1071 1612 1582 1587 1579  3  7  3
1584 2096 1072 1585 1555 1588 1580  3  4  4
1585 2097 1073 1586 1584 1589 1581  3  5  4
1586 2098 1074 1587 1585 1590 1582  3  6  4
1587 2099 1075 1616 1586 1591 1583  3  7  4
1588 2100 1076 1589 1559 1592 1584  3  4  5
1589 2101 1077 1590 1588 1593 1585  3  5  5
1590 2102 1078 1591 1589 1594 1586  3  6  5
1591 2103 1079 1620 1590 1595 1587  3  7  5
1592 2104 1080 1593 1563 1596 1588  3  4  6
1593 2105 1081 1594 1592 1597 1589  3  5  6
1594 2106 1082 1595 1593 1598 1590  3  6  6
1595 2107 1083 1624 1594 1599 1591  3  7  6
1596 2108 1084 1597 1567 1724 1592  3  4  7
1597 2109 1085 1598 1596 1725 1593  3  5  7
1598 2110 1086 1599 1597 1726 1594  3  6  7
1599 2111 1087 1628 1598 1727 1595  3  7  7
1600 2112 1088 1601 1571 1604 1664  3  8  0
1601 2113 1089 1602 1600 1605 1665  3  9  0
1602 2114 1090 1603 1601 1606 1666  3 10  0
1603 2115 1091 1536 1602 1607 1667  3 11  0
1604 2116 1092 1605 1575 1608 1600  3  8  1
1605 2117 1093 1606 1604 1609 1601  3  9  1
1606 2118 1094 1607 1605 1610 1602  3 10  1
1607 2119 1095 1540 1606 1611 1603  3 11  1
1608 2120 1096 1609 1579 1612 1604  3  8  2
1609 2121 1097 1610 1608 1613 1605  3  9  2
1610 2122 1098 1611 1609 1614 1606  3 10  2
1611 2123 1099 1544 1610 1615 1607  3 11  2
1612 2124 1100 1613 1583 1616 1608  3  8  3
1613 2125 1101 1614 1612 1617 1609  3  9  3
1614 2126 1102 1615 1613 1618 1610  3 10  3
1615 2127 1103 1548 1614 1619 1611  3 11  3
1616 2128 1104 1617 1587 1620 1612  3  8  4
1617 2129 1105 1618 1616 1621 1613  3  9  4
1618 2130 1106 1619 1617 1622 1614  3 10  4
1619 2131 1107 1552 1618 1623 1615  3 11  4
1620 2132 1108 1621 1591 1624 1616  3  8  5
1621 2133 1109 1622 1620 1625 1617  3  9  5
1622 2134 1110 1623 1621 1626 1618  3 10  5
1623 2135 1111 1556 1622 1627 1619  3 11  5
1624 2136 1112 1625 1595 1628 1620  3  8  6
1625 2137 1113 1626 1624 1629 1621  3  9  6
1626 2138 1114 1627 1625 1630 1622  3 10  6
1627 2139 1115 1560 1626 1631 1623  3 11  6
1628 2140 1116 1629 1599 1692 1624  3  8  7
1629 2141 1117 1630 1628 1693 1625  3  9  7
1630 2142 1118 1631 1629 1694 1626  3 10  7
1631 2143 1119 1564 1630 1695 1627  3 11  7
1664 2176 1152 1665 1699 1600 1668  3  8 15
1665 2177 1153 1666 1664 1601 1669  3  9 15
1666 2178 1154 1667 1665 1602 1670  3 10 15
1667 2179 1155 1728 1666 1603 1671  3 11 15
1668 2180 1156 1669 1703 1664 1672  3  8 14
1669 2181 1157 1670 1668 1665 1673  3  9 14
1670 2182 1158 1671 1669 1666 1674  3 10 14
1671 2183 1159 1732 1670 1667 1675  3 11 14
1672 2184 1160 1673 1707 1668 1676  3  8 13
1673 2185 1161 1674 1672 1669 1677  3  9 13
1674 2186 1162 1675 1673 1670 1678  3 10 13
1675 2187 1163 1736 1674 1671 1679  3 11 13
1676 2188 1164 1677 1711 1672 1680  3  8 12
1677 2189 1165 1678 1676 1673 1681  3  9 12
1678 2190 1166 1679 1677 1674 1682  3 10 12
1679 2191 1167 1740 1678 1675 1683  3 11 12
1680 2192 1168 1681 1715 1676 1684  3  8 11
1681 2193 1169 1682 1680 1677 1685  3  9 11
1682 2194 1170 1683 1681 1678 1686  3 10 11
1683 2195 1171 1744 1682 1679 1687  3 11 11
1684 2196 1172 1685 1719 1680 1688  3  8 10
1685 2197 1173 1686 1684 1681 1689  3  9 10
1686 2198 1174 1687 1685 1682 1690  3 10 10
1687 2199 1175 1748 1686 1683 1691  3 11 10
1688 2200 1176 1689 1723 1684 1692  3  8  9
1689 2201 1177 1690 1688 1685 1693  3  9  9
1690 2202 1178 1691 1689 1686 1694  3 10  9
1691 2203 1179 1752 1690 1687 1695  3 11  9
1692 2204 1180 1693 1727 1688 1628  3  8  8
1693 2205 1181 1694 1692 1689 1629  3  9  8
1694 2206 1182 1695 1693 1690 1630  3 10  8
1695 2207 1183 1756 1694 1691 1631  3 11  8
1696 2208 1184 1697 1731 1568 1700  3  4 15
1697 2209 1185 1698 1696 1569 1701  3  5 15
1698 2210 1186 1699 1697 1570 1702  3  6 15
1699 2211 1187 1664 1698 1571 1703  3  7 15
1700 2212 1188 1701 1735 1696 1704  3  4 14
1701 2213 1189 1702 1700 1697 1705  3  5 14
1702 2214 1190 1703 1701 1698 1706  3  6 14
1703 2215 1191 1668 1702 1699 1707  3  7 14
1704 2216 1192 1705 1739 1700 1708  3  4 13
1705 2217 1193 1706 1704 1701 1709  3  5 13
1706 2218 1194 1707 1705 1702 1710  3  6 13
1707 2219 1195 1672 1706 1703 1711  3  7 13
1708 2220 1196 1709 1743 1704 1712  3  4 12
1709 2221 1197 1710 1708 1705 1713  3  5 12
1710 2222 1198 1711 1709 1706 1714  3  6 12
1711 2223 1199 1676 1710 1707 1715  3  7 12
1712 2224 1200 1713 1747 1708 1716  3  4 11
1713 2225 1201 1714 1712 1709 1717  3  5 11
1714 2226 1202 1715 1713 1710 1718  3  6 11
1715 2227 1203 1680 1714 1711 1719  3  7 11
1716 2228 1204 1717 1751 1712 1720  3  4 10
1717 2229 1205 1718 1716 1713 1721  3  5 10
1718 2230 1206 1719 1717 1714 1722  3  6 10
1719 2231 1207 1684 1718 1715 1723  3  7 10
1720 2232 1208 1721 1755 1716 1724  3  4  9
1721 2233 1209 1722 1720 1717 1725  3  5  9
1722 2234 1210 1723 1721 1718 1726  3  6  9
1723 2235 1211 1688 1722 1719 1727  3  7  9
1724 2236 1212 1725 1759 1720 1596  3  4  8
1725 2237 1213 1726 1724 1721 1597  3  5  8
1726 2238 1214 1727 1725 1722 1598  3  6  8
1727 2239 1215 1692 1726 1723 1599  3  7  8
1728 2240 1216 1729 1667 1536 1732  3  0 15
1729 2241 1217 1730 1728 1537 1733  3  1 15
1730 2242 1218 1731 1729 1538 1734  3  2 15
1731 2243 1219 1696 1730 1539 1735  3  3 15
1732 2244 1220 1733 1671 1728 1736  3  0 14
1733 2245 1221 1734 1732 1729 1737  3  1 14
1734 2246 1222 1735 1733 1730 1738  3  2 14
1735 2247 1223 1700 1734 1731 1739  3  3 14
1736 2248 1224 1737 1675 1732 1740  3  0 13
1737 2249 1225 1738 1736 1733 1741  3  1 13
1738 2250 1226 1739 1737 1734 1742  3  2 13
1739 2251 1227 1704 1738 1735 1743  3  3 13
1740 2252 1228 1741 1679 1736 1744  3  0 12
1741 2253 1229 1742 1740 1737 1745  3  1 12
1742 2254 1230 1743 1741 1738 1746  3  2 12
1743 2255 1231 1708 1742 1739 1747  3  3 12
1744 2256 1232 1745 1683 1740 1748  3  0 11
1745 2257 1233 1746 1744 1741 1749  3  1 11
1746 2258 1234 1747 1745 1742 1750  3  2 11
1747 2259 1235 1712 1746 1743 1751  3  3 11
1748 2260 1236 1749 1687 1744 1752  3  0 10
1749 2261 1237 1750 1748 1745 1753  3  1 10
1750 2262 1238 1751 1749 1746 1754  3  2 10
1751 2263 1239 1716 1750 1747 1755  3  3 10
1752 2264 1240 1753 1691 1748 1756  3  0  9
1753 2265 1241 1754 1752 1749 1757  3  1  9
1754 2266 1242 1755 1753 1750 1758  3  2  9
1755 2267 1243 1720 1754 1751 1759  3  3  9
1756 2268 1244 1757 1695 1752 1564  3  0  8
1757 2269 1245 1758 1756 1753 1565  3  1  8
1758 2270 1246 1759 1757 1754 1566  3  2  8
1759 2271 1247 1724 1758 1755 1567  3  3  8
1792 1280 2304 1793 1859 1796 1984  7  0  0
1793 1281 2305 1794 1792 1797 1985  7  1  0
1794 1282 2306 1795 1793 1798 1986  7  2  0
1795 1283 2307 1824 1794 1799 1987  7  3  0
1796 1284 2308 1797 1863 1800 1792  7  0  1
1797 1285 2309 1798 1796 1801 1793  7  1  1
1798 1286 2310 1799 1797 1802 1794  7  2  1
1799 1287 2311 1828 1798 1803 1795  7  3  1
1800 1288 2312 1801 1867 1804 1796  7  0  2
1801 1289 2313 1802 1800 1805 1797  7  1  2
1802 1290 2314 1803 1801 1806 1798  7  2  2
1803 1291 2315 1832 1802 1807 1799  7  3  2
1804 1292 2316 1805 1871 1808 1800  7  0  3
1805 1293 2317 1806 1804 1809 1801  7  1  3
1806 1294 2318 1807 1805 1810 1802  7  2  3
1807 1295 2319 1836 1806 1811 1803  7  3  3
1808 1296 2320 1809 1875 1812 1804  7  0  4
1809 1297 2321 1810 1808 1813 1805  7  1  4
1810 1298 2322 1811 1809 1814 1806  7  2  4
1811 1299 2323 1840 1810 1815 1807  7  3  4
1812 1300 2324 1813 1879 1816 1808  7  0  5
1813 1301 2325 1814 1812 1817 1809  7  1  5
1814 1302 2326 1815 1813 1818 1810  7  2  5
1815 1303 2327 1844 1814 1819 1811  7  3  5
1816 1304 2328 1817 1883 1820 1812  7  0  6
1817 1305 2329 1818 1816 1821 1813  7  1  6
1818 1306 2330 1819 1817 1822 1814  7  2  6
1819 1307 2331 1848 1818 1823 1815  7  3  6
1820 1308 2332 1821 1887 2012 1816  7  0  7
1821 1309 2333 1822 1820 2013 1817  7  1  7
1822 1310 2334 1823 1821 2014 1818  7  2  7
1823 1311 2335 1852 1822 2015 1819  7  3  7
1824 1312 2336 1825 1795 1828 1952  7  4  0
1825 1313 2337 1826 1824 1829 1953  7  5  0
1826 1314 2338 1827 1825 1830 1954  7  6  0
1827 1315 2339 1856 1826 1831 1955  7  7  0
1828 1316 2340 1829 1799 1832 1824  7  4  1
1829 1317 2341 1830 1828 1833 1825  7  5  1
1830 1318 2342 1831 1829 1834 1826  7  6  1
1831 1319 2343 1860 1830 1835 1827  7  7  1
1832 1320 2344 1833 1803 1836 1828  7  4  2
1833 1321 2345 1834 1832 1837 1829  7  5  2
1834 1322 2346 1835 1833 1838 1830  7  6  2
1835 1323 2347 1864 1834 1839 1831  7  7  2
1836 1324 2348 1837 1807 1840 1832  7  4  3
1837 1325 2349 1838 1836 1841 1833  7  5  3
1838 1326 2350 1839 1837 1842 1834  7  6  3
1839 1327 2351 1868 1838 1843 1835  7  7  3
1840 1328 2352 1841 1811 1844 1836  7  4  4
1841 1329 2353 1842 1840 1845 1837  7  5  4
1842 1330 2354 1843 1841 1846 1838  7  6  4
1843 1331 2355 1872 1842 1847 1839  7  7  4
1844 1332 2356 1845 1815 1848 1840  7  4  5
1845 1333 2357 1846 1844 1849 1841  7  5  5
1846 1334 2358 1847 1845 1850 1842  7  6  5
1847 1335 2359 1876 1846 1851 1843  7  7  5
1848 1336 2360 1849 1819 1852 1844  7  4  6
1849 1337 2361 1850 1848 1853 1845  7  5  6
1850 1338 2362 1851 1849 1854 1846  7  6  6
1851 1339 2363 1880 1850 1855 1847  7  7  6
1852 1340 2364 1853 1823 1980 1848  7  4  7
1853 1341 2365 1854 1852 1981 1849  7  5  7
1854 1342 2366 1855 1853 1982 1850  7  6  7
1855 1343 2367 1884 1854 1983 1851  7  7  7
1856 1344 2368 1857 1827 1860 1920  7  8  0
1857 1345 2369 1858 1856 1861 1921  7  9  0
1858 1346 2370 1859 1857 1862 1922  7 10  0
1859 1347 2371 1792 1858 1863 1923  7 11  0
1860 1348 2372 1861 1831 1864 1856  7  8  1
1861 1349 2373 1862 1860 1865 1857  7  9  1
1862 1350 2374 1863 1861 1866 1858  7 10  1
1863 1351 2375 1796 1862 1867 1859  7 11  1
1864 1352 2376 1865 1835 1868 1860  7  8  2
1865 1353 2377 1866 1864 1869 1861  7  9  2
1866 1354 2378 1867 1865 1870 1862  7 10  2
1867 1355 2379 1800 1866 1871 1863  7 11  2
1868 1356 2380 1869 1839 1872 1864  7  8  3
1869 1357 2381 1870 1868 1873 1865  7  9  3
1870 1358 2382 1871 1869 1874 1866  7 10  3
1871 1359 2383 1804 1870 1875 1867  7 11  3
1872 1360 2384 1873 1843 1876 1868  7  8  4
1873 1361 2385 1874 1872 1877 1869  7  9  4
1874 1362 2386 1875 1873 1878 1870  7 10  4
1875 1363 2387 1808 1874 1879 1871  7 11  4
1876 1364 2388 1877 1847 1880 1872  7  8  5
1877 1365 2389 1878 1876 1881 1873  7  9  5
1878 1366 2390 1879 1877 1882 1874  7 10  5
1879 1367 2391 1812 1878 1883 1875  7 11  5
1880 1368 2392 1881 1851 1884 1876  7  8  6
1881 1369 2393 1882 1880 1885 1877  7  9  6
1882 1370 2394 1883 1881 1886 1878  7 10  6
1883 1371 2395 1816 1882 1887 1879  7 11  6
1884 1372 2396 1885 1855 1948 1880  7  8  7
1885 1373 2397 1886 1884 1949 1881  7  9  7
1886 1374 2398 1887 1885 1950 1882  7 10  7
1887 1375 2399 1820 1886 1951 1883  7 11  7
1920 1408 2432 1921 1955 1856 1924  7  8 15
1921 1409 2433 1922 1920 1857 1925  7  9 15
1922 1410 2434 1923 1921 1858 1926  7 10 15
1923 1411 2435 1984 1922 1859 1927  7 11 15
1924 1412 2436 1925 1959 1920 1928  7  8 14
1925 1413 2437 1926 1924 1921 1929  7  9 14
1926 1414 2438 1927 1925 1922 1930  7 10 14
1927 1415 2439 1988 1926 1923 1931  7 11 14
1928 1416 2440 1929 1963 1924 1932  7  8 13
1929 1417 2441 1930 1928 1925 1933  7  9 13
1930 1418 2442 1931 1929 1926 1934  7 10 13
1931 1419 2443 1992 1930 1927 1935  7 11 13
1932 1420 2444 1933 1967 1928 1936  7  8 12
1933 1421 2445 1934 1932 1929 1937  7  9 12
1934 1422 2446 1935 1933 1930 1938  7 10 12
1935 1423 2447 1996 1934 1931 1939  7 11 12
1936 1424 2448 1937 1971 1932 1940  7  8 11
1937 1425 2449 1938 1936 1933 1941  7  9 11
1938 1426 2450 1939 1937 1934 1942  7 10 11
1939 1427 2451 2000 1938 1935 1943  7 11 11
1940 1428 2452 1941 1975 1936 1944  7  8 10
1941 1429 2453 1942 1940 1937 1945  7  9 10
1942 1430 2454 1943 1941 1938 1946  7 10 10
1943 1431 2455 2004 1942 1939 1947  7 11 10
1944 1432 2456 1945 1979 1940 1948  7  8  9
1945 1433 2457 1946 1944 1941 1949  7  9  9
1946 1434 2458 1947 1945 1942 1950  7 10  9
1947 1435 2459 2008 1946 1943 1951  7 11  9
1948 1436 2460 1949 1983 1944 1884  7  8  8
1949 1437 2461 1950 1948 1945 1885  7  9  8
1950 1438 2462 1951 1949 1946 1886  7 10  8
1951 1439 2463 2012 1950 1947 1887  7 11  8
1952 1440 2464 1953 1987 1824 1956  7  4 15
1953 1441 2465 1954 1952 1825 1957  7  5 15
1954 1442 2466 1955 1953 1826 1958  7  6 15
1955 1443 2467 1920 1954 1827 1959  7  7 15
1956 1444 2468 1957 1991 1952 1960  7  4 14
1957 1445 2469 1958 1956 1953 1961  7  5 14
1958 1446 2470 1959 1957 1954 1962  7  6 14
1959 1447 2471 1924 1958 1955 1963  7  7 14
1960 1448 2472 1961 1995 1956 1964  7  4 13
1961 1449 2473 1962 1960 1957 1965  7  5 13
1962 1450 2474 1963 1961 1958 1966  7  6 13
1963 1451 2475 1928 1962 1959 1967  7  7 13
1964 1452 2476 1965 1999 1960 1968  7  4 12
1965 1453 2477 1966 1964 1961 1969  7  5 12
1966 1454 2478 1967 1965 1962 1970  7  6 12
1967 1455 2479 1932 1966 1963 1971  7  7 12
1968 1456 2480 1969 2003 1964 1972  7  4 11
1969 1457 2481 1970 1968 1965 1973  7  5 11
1970 1458 2482 1971 1969 1966 1974  7  6 11
1971 1459 2483 1936 1970 1967 1975  7  7 11
1972 1460 2484 1973 2007 1968 1976  7  4 10
1973 1461 2485 1974 1972 1969 1977  7  5 10
1974 1462 2486 1975 1973 1970 1978  7  6 10
1975 1463 2487 1940 1974 1971 1979  7  7 10
1976 1464 2488 1977 2011 1972 1980  7  4  9
1977 1465 2489 1978 1976 1973 1981  7  5  9
1978 1466 2490 1979 1977 1974 1982  7  6  9
1979 1467 2491 1944 1978 1975 1983  7  7  9
1980 1468 2492 1981 2015 1976 1852  7  4  8
1981 1469 2493 1982 1980 1977 1853  7  5  8
1982 1470 2494 1983 1981 1978 1854  7  6  8
1983 1471 2495 1948 1982 1979 1855  7  7  8
1984 1472 2496 1985 1923 1792 1988  7  0 15
1985 1473 2497 1986 1984 1793 1989  7  1 15
1986 1474 2498 1987 1985 1794 1990  7  2 15
1987 1475 2499 1952 1986 1795 1991  7  3 15
1988 1476 2500 1989 1927 1984 1992  7  0 14
1989 1477 2501 1990 1988 1985 1993  7  1 14
1990 1478 2502 1991 1989 1986 1994  7  2 14
1991 1479 2503 1956 1990 1987 1995  7  3 14
1992 1480 2504 1993 1931 1988 1996  7  0 13
1993 1481 2505 1994 1992 1989 1997  7  1 13
1994 1482 2506 1995 1993 1990 1998  7  2 13
1995 1483 2507 1960 1994 1991 1999  7  3 13
1996 1484 2508 1997 1935 1992 2000  7  0 12
1997 1485 2509 1998 1996 1993 2001  7  1 12
1998 1486 2510 1999 1997 1994 2002  7  2 12
1999 1487 2511 1964 1998 1995 2003  7  3 12
2000 1488 2512 2001 1939 1996 2004  7  0 11
2001 1489 2513 2002 2000 1997 2005  7  1 11
2002 1490 2514 2003 2001 1998 2006  7  2 11
2003 1491 2515 1968 2002 1999 2007  7  3 11
2004 1492 2516 2005 1943 2000 2008  7  0 10
2005 1493 2517 2006 2004 2001 2009  7  1 10
2006 1494 2518 2007 2005 2002 2010  7  2 10
2007 1495 2519 1972 2006 2003 2011  7  3 10
2008 1496 2520 2009 1947 2004 2012  7  0  9
2009 1497 2521 2010 2008 2005 2013  7  1  9
2010 1498 2522 2011 2009 2006 2014  7  2  9
2011 1499 2523 1976 2010 2007 2015  7  3  9
2012 1500 2524 2013 1951 2008 1820  7  0  8
2013 1501 2525 2014 2012 2009 1821  7  1  8
2014 1502 2526 2015 2013 2010 1822  7  2  8
2015 1503 2527 1980 2014 2011 1823  7  3  8
2048 2560 1536 2049 2115 2052 2240  4  0  0
2049 2561 1537 2050 2048 2053 2241  4  1  0
2050 2562 1538 2051 2049 2054 2242  4  2  0
2051 2563 1539 2080 2050 2055 2243  4  3  0
2052 2564 1540 2053 2119 2056 2048  4  0  1
2053 2565 1541 2054 2052 2057 2049  4  1  1
2054 2566 1542 2055 2053 2058 2050  4  2  1
2055 2567 1543 2084 2054 2059 2051  4  3  1
2056 2568 1544 2057 2123 2060 2052  4  0  2
2057 2569 1545 2058 2056 2061 2053  4  1  2
2058 2570 1546 2059 2057 2062 2054  4  2  2
2059 2571 1547 2088 2058 2063 2055  4  3  2
2060 2572 1548 2061 2127 2064 2056  4  0  3
2061 2573 1549 2062 2060 2065 2057  4  1  3
2062 2574 1550 2063 2061 2066 2058  4  2  3
2063 2575 1551 2092 2062 2067 2059  4  3  3
2064 2576 1552 2065 2131 2068 2060  4  0  4
2065 2577 1553 2066 2064 2069 2061  4  1  4
2066 2578 1554 2067 2065 2070 2062  4  2  4
2067 2579 1555 2096 2066 2071 2063  4  3  4
2068 2580 1556 2069 2135 2072 2064  4  0  5
2069 2581 1557 2070 2068 2073 2065  4  1  5
2070 2582 1558 2071 2069 2074 2066  4  2  5
2071 2583 1559 2100 2070 2075 2067  4  3  5
2072 2584 1560 2073 2139 2076 2068  4  0  6
2073 2585 1561 2074 2072 2077 2069  4  1  6
2074 2586 1562 2075 2073 2078 2070  4  2  6
2075 2587 1563 2104 2074 2079 2071  4  3  6
2076 2588 1564 2077 2143 2268 2072  4  0  7
2077 2589 1565 2078 2076 2269 2073  4  1  7
2078 2590 1566 2079 2077 2270 2074  4  2  7
2079 2591 1567 2108 2078 2271 2075  4  3  7
2080 2592 1568 2081 2051 2084 2208  4  4  0
2081 2593 1569 2082 2080 2085 2209  4  5  0
2082 2594 1570 2083 2081 2086 2210  4  6  0
2083 2595 1571 2112 2082 2087 2211  4  7  0
2084 2596 1572 2085 2055 2088 2080  4  4  1
2085 2597 1573 2086 2084 2089 2081  4  5  1
2086 2598 1574 2087 2085 2090 2082  4  6  1
2087 2599 1575 2116 2086 2091 2083  4  7  1
2088 2600 1576 2089 2059 2092 2084  4  4  2
2089 2601 1577 2090 2088 2093 2085  4  5  2
2090 2602 1578 2091 2089 2094 2086  4  6  2
2091 2603 1579 2120 2090 2095 2087  4  7  2
2092 2604 1580 2093 2063 2096 2088  4  4  3
2093 2605 1581 2094 2092 2097 2089  4  5  3
2094 2606 1582 2095 2093 2098 2090  4  6  3
2095 2607 1583 2124 2094 2099 2091  4  7  3
2096 2608 1584 2097 2067 2100 2092  4  4  4
2097 2609 1585 2098 2096 2101 2093  4  5  4
2098 2610 1586 2099 2097 2102 2094  4  6  4
2099 2611 1587 2128 2098 2103 2095  4  7  4
2100 2612 1588 2101 2071 2104 2096  4  4  5
2101 2613 1589 2102 2100 2105 2097  4  5  5
2102 2614 1590 2103 2101 2106 2098  4  6  5
2103 2615 1591 2132 2102 2107 2099  4  7  5
2104 2616 1592 2105 2075 2108 2100  4  4  6
2105 2617 1593 2106 2104 2109 2101  4  5  6
2106 2618 1594 2107 2105 2110 2102  4  6  6
2107 2619 1595 2136 2106 2111 2103  4  7  6
2108 2620 1596 2109 2079 2236 2104  4  4  7
2109 2621 1597 2110 2108 2237 2105  4  5  7
2110 2622 1598 2111 2109 2238 2106  4  6  7
2111 2623 1599 2140 2110 2239 2107  4  7  7
2112 2624 1600 2113 2083 2116 2176  4  8  0
2113 2625 1601 2114 2112 2117 2177  4  9  0
2114 2626 1602 2115 2113 2118 2178  4 10  0
2115 2627 1603 2048 2114 2119 2179  4 11  0
2116 2628 1604 2117 2087 2120 2112  4  8  1
2117 2629 1605 2118 2116 2121 2113  4  9  1
2118 2630 1606 2119 2117 2122 2114  4 10  1
2119 2631 1607 2052 2118 2123 2115  4 11  1
2120 2632 1608 2121 2091 2124 2116  4  8  2
2121 2633 1609 2122 2120 2125 2117  4  9  2
2122 2634 1610 2123 2121 2126 2118  4 10  2
2123 2635 1611 2056 2122 2127 2119  4 11  2
2124 2636 1612 2125 2095 2128 2120  4  8  3
2125 2637 1613 2126 2124 2129 2121  4  9  3
2126 2638 1614 2127 2125 2130 2122  4 10  3
2127 2639 1615 2060 2126 2131 2123  4 11  3
2128 2640 1616 2129 2099 2132 2124  4  8  4
2129 2641 1617 2130 2128 2133 2125  4  9  4
2130 2642 1618 2131 2129 2134 2126  4 10  4
2131 2643 1619 2064 2130 2135 2127  4 11  4
2132 2644 1620 2133 2103 2136 2128  4  8  5
2133 2645 1621 2134 2132 2137 2129  4  9  5
2134 2646 1622 2135 2133 2138 2130  4 10  5
2135 2647 1623 2068 2134 2139 2131  4 11  5
2136 2648 1624 2137 2107 2140 2132  4  8  6
2137 2649 1625 2138 2136 2141 2133  4  9  6
2138 2650 1626 2139 2137 2142 2134  4 10  6
2139 2651 1627 2072 2138 2143 2135  4 11  6
2140 2652 1628 2141 2111 2204 2136  4  8  7
2141 2653 1629 2142 2140 2205 2137  4  9  7
2142 2654 1630 2143 2141 2206 2138  4 10  7
2143 2655 1631 2076 2142 2207 2139  4 11  7
2176 2688 1664 2177 2211 2112 2180  4  8 15
2177 2689 1665 2178 2176 2113 2181  4  9 15
2178 2690 1666 2179 2177 2114 2182  4 10 15
2179 2691 1667 2240 2178 2115 2183  4 11 15
2180 2692 1668 2181 2215 2176 2184  4  8 14
2181 2693 1669 2182 2180 2177 2185  4  9 14
2182 2694 1670 2183 2181 2178 2186  4 10 14
2183 2695 1671 2244 2182 2179 2187  4 11 14
2184 2696 1672 2185 2219 2180 2188  4  8 13
2185 2697 1673 2186 2184 2181 2189  4  9 13
2186 2698 1674 2187 2185 2182 2190  4 10 13
2187 2699 1675 2248 2186 2183 2191  4 11 13
2188 2700 1676 2189 2223 2184 2192  4  8 12
2189 2701 1677 2190 2188 2185 2193  4  9 12
2190 2702 1678 2191 2189 2186 2194  4 10 12
2191 2703 1679 2252 2190 2187 2195  4 11 12
2192 2704 1680 2193 2227 2188 2196  4  8 11
2193 2705 1681 2194 2192 2189 2197  4  9 11
2194 2706 1682 2195 2193 2190 2198  4 10 11
2195 2707 1683 2256 2194 2191 2199  4 11 11
2196 2708 1684 2197 2231 2192 2200  4  8 10
2197 2709 1685 2198 2196 2193 2201  4  9 10
2198 2710 1686 2199 2197 2194 2202  4 10 10
2199 2711 1687 2260 2198 2195 2203  4 11 10
2200 2712 1688 2201 2235 2196 2204  4  8  9
2201 2713 1689 2202 2200 2197 2205  4  9  9
2202 2714 1690 2203 2201 2198 2206  4 10  9
2203 2715 1691 2264 2202 2199 2207  4 11  9
2204 2716 1692 2205 2239 2200 2140  4  8  8
2205 2717 1693 2206 2204 2201 2141  4  9  8
2206 2718 1694 2207 2205 2202 2142  4 10  8
2207 2719 1695 2268 2206 2203 2143  4 11  8
2208 2720 1696 2209 2243 2080 2212  4  4 15
2209 2721 1697 2210 2208 2081 2213  4  5 15
2210 2722 1698 2211 2209 2082 2214  4  6 15
2211 2723 1699 2176 2210 2083 2215  4  7 15
2212 2724 1700 2213 2247 2208 2216  4  4 14
2213 2725 1701 2214 2212 2209 2217  4  5 14
2214 2726 1702 2215 2213 2210 2218  4  6 14
2215 2727 1703 2180 2214 2211 2219  4  7 14
2216 2728 1704 2217 2251 2212 2220  4  4 13
2217 2729 1705 2218 2216 2213 2221  4  5 13
2218 2730 1706 2219 2217 2214 2222  4  6 13
2219 2731 1707 2184 2218 2215 2223  4  7 13
2220 2732 1708 2221 2255 2216 2224  4  4 12
2221 2733 1709 2222 2220 2217 2225  4  5 12
2222 2734 1710 2223 2221 2218 2226  4  6 12
2223 2735 1711 2188 2222 2219 2227  4  7 12
2224 2736 1712 2225 2259 2220 2228  4  4 11
2225 2737 1713 2226 2224 2221 2229  4  5 11
2226 2738 1714 2227 2225 2222 2230  4  6 11
2227 2739 1715 2192 2226 2223 2231  4  7 11
2228 2740 1716 2229 2263 2224 2232  4  4 10
2229 2741 1717 2230 2228 2225 2233  4  5 10
2230 2742 1718 2231 2229 2226 2234  4  6 10
2231 2743 1719 2196 2230 2227 2235  4  7 10
2232 2744 1720 2233 2267 2228 2236  4  4  9
2233 2745 1721 2234 2232 2229 2237  4  5  9
2234 2746 1722 2235 2233 2230 2238  4  6  9
2235 2747 1723 2200 2234 2231 2239  4  7  9
2236 2748 1724 2237 2271 2232 2108  4  4  8
2237 2749 1725 2238 2236 2233 2109  4  5  8
2238 2750 1726 2239 2237 2234 2110  4  6  8
2239 2751 1727 2204 2238 2235 2111  4  7  8
2240 2752 1728 2241 2179 2048 2244  4  0 15
2241 2753 1729 2242 2240 2049 2245  4  1 15
2242 2754 1730 2243 2241 2050 2246  4  2 15
2243 2755 1731 2208 2242 2051 2247  4  3 15
2244 2756 1732 2245 2183 2240 2248  4  0 14
2245 2757 1733 2246 2244 2241 2249  4  1 14
2246 2758 1734 2247 2245 2242 2250  4  2 14
2247 2759 1735 2212 2246 2243 2251  4  3 14
2248 2760 1736 2249 2187 2244 2252  4  0 13
2249 2761 1737 2250 2248 2245 2253  4  1 13
2250 2762 1738 2251 2249 2246 2254  4  2 13
2251 2763 1739 2216 2250 2247 2255  4  3 13
2252 2764 1740 2253 2191 2248 2256  4  0 12
2253 2765 1741 2254 2252 2249 2257  4  1 12
2254 2766 1742 2255 2253 2250 2258  4  2 12
2255 2767 1743 2220 2254 2251 2259  4  3 12
2256 2768 1744 2257 2195 2252 2260  4  0 11
2257 2769 1745 2258 2256 2253 2261  4  1 11
2258 2770 1746 2259 2257 2254 2262  4  2 11
2259 2771 1747 2224 2258 2255 2263  4  3 11
2260 2772 1748 2261 2199 2256 2264  4  0 10
2261 2773 1749 2262 2260 2257 2265  4  1 10
2262 2774 1750 2263 2261 2258 2266  4  2 10
2263 2775 1751 2228 2262 2259 2267  4  3 10
2264 2776 1752 2265 2203 2260 2268  4  0  9
2265 2777 1753 2266 2264 2261 2269  4  1  9
2266 2778 1754 2267 2265 2262 2270  4  2  9
2267 2779 1755 2232 2266 2263 2271  4  3  9
2268 2780 1756 2269 2207 2264 2076  4  0  8
2269 2781 1757 2270 2268 2265 2077  4  1  8
2270 2782 1758 2271 2269 2266 2078  4  2  8
2271 2783 1759 2236 2270 2267 2079  4  3  8
2304 1792 2560 2305 2371 2308 2496  6  0  0
2305 1793 2561 2306 2304 2309 2497  6  1  0
2306 1794 2562 2307 2305 2310 2498  6  2  0
2307 1795 2563 2336 2306 2311 2499  6  3  0
2308 1796 2564 2309 2375 2312 2304  6  0  1
2309 1797 2565 2310 2308 2313 2305  6  1  1
2310 1798 2566 2311 2309 2314 2306  6  2  1
2311 1799 2567 2340 2310 2315 2307  6  3  1
2312 1800 2568 2313 2379 2316 2308  6  0  2
2313 1801 2569 2314 2312 2317 2309  6  1  2
2314 1802 2570 2315 2313 2318 2310  6  2  2
2315 1803 2571 2344 2314 2319 2311  6  3  2
2316 1804 2572 2317 2383 2320 2312  6  0  3
2317 1805 2573 2318 2316 2321 2313  6  1  3
2318 1806 2574 2319 2317 2322 2314  6  2  3
2319 1807 2575 2348 2318 2323 2315  6  3  3
2320 1808 2576 2321 2387 2324 2316  6  0  4
2321 1809 2577 2322 2320 2325 2317  6  1  4
2322 1810 2578 2323 2321 2326 2318  6  2  4
2323 1811 2579 2352 2322 2327 2319  6  3  4
2324 1812 2580 2325 2391 2328 2320  6  0  5
2325 1813 2581 2326 2324 2329 2321  6  1  5
2326 1814 2582 2327 2325 2330 2322  6  2  5
2327 1815 2583 2356 2326 2331 2323  6  3  5
2328 1816 2584 2329 2395 2332 2324  6  0  6
2329 1817 2585 2330 2328 2333 2325  6  1  6
2330 1818 2586 2331 2329 2334 2326  6  2  6
2331 1819 2587 2360 2330 2335 2327  6  3  6
2332 1820 2588 2333 2399 2524 2328  6  0  7
2333 1821 2589 2334 2332 2525 2329  6  1  7
2334 1822 2590 2335 2333 2526 2330  6  2  7
2335 1823 2591 2364 2334 2527 2331  6  3  7
2336 1824 2592 2337 2307 2340 2464  6  4  0
2337 1825 2593 2338 2336 2341 2465  6  5  0
2338 1826 2594 2339 2337 2342 2466  6  6  0
2339 1827 2595 2368 2338 2343 2467  6  7  0
2340 1828 2596 2341 2311 2344 2336  6  4  1
2341 1829 2597 2342 2340 2345 2337  6  5  1
2342 1830 2598 2343 2341 2346 2338  6  6  1
2343 1831 2599 2372 2342 2347 2339  6  7  1
2344 1832 2600 2345 2315 2348 2340  6  4  2
2345 1833 2601 2346 2344 2349 2341  6  5  2
2346 1834 2602 2347 2345 2350 2342  6  6  2
2347 1835 2603 2376 2346 2351 2343  6  7  2
2348 1836 2604 2349 2319 2352 2344  6  4  3
2349 1837 2605 2350 2348 2353 2345  6  5  3
2350 1838 2606 2351 2349 2354 2346  6  6  3
2351 1839 2607 2380 2350 2355 2347  6  7  3
2352 1840 2608 2353 2323 2356 2348  6  4  4
2353 1841 2609 2354 2352 2357 2349  6  5  4
2354 1842 2610 2355 2353 2358 2350  6  6  4
2355 1843 2611 2384 2354 2359 2351  6  7  4
2356 1844 2612 2357 2327 2360 2352  6  4  5
2357 1845 2613 2358 2356 2361 2353  6  5  5
2358 1846 2614 2359 2357 2362 2354  6  6  5
2359 1847 2615 2388 2358 2363 2355  6  7  5
2360 1848 2616 2361 2331 2364 2356  6  4  6
2361 1849 2617 2362 2360 2365 2357  6  5  6
2362 1850 2618 2363 2361 2366 2358  6  6  6
2363 1851 2619 2392 2362 2367 2359  6  7  6
2364 1852 2620 2365 2335 2492 2360  6  4  7
2365 1853 2621 2366 2364 2493 2361  6  5  7
2366 1854 2622 2367 2365 2494 2362  6  6  7
2367 1855 2623 2396 2366 2495 2363  6  7  7
2368 1856 2624 2369 2339 2372 2432  6  8  0
2369 1857 2625 2370 2368 2373 2433  6  9  0
2370 1858 2626 2371 2369 2374 2434  6 10  0
2371 1859 2627 2304 2370 2375 2435  6 11  0
2372 1860 2628 2373 2343 2376 2368  6  8  1
2373 1861 2629 2374 2372 2377 2369  6  9  1
2374 1862 2630 2375 2373 2378 2370  6 10  1
2375 1863 2631 2308 2374 2379 2371  6 11  1
2376 1864 2632 2377 2347 2380 2372  6  8  2
2377 1865 2633 2378 2376 2381 2373  6  9  2
2378 1866 2634 2379 2377 2382 2374  6 10  2
2379 1867 2635 2312 2378 2383 2375  6 11  2
2380 1868 2636 2381 2351 2384 2376  6  8  3
2381 1869 2637 2382 2380 2385 2377  6  9  3
2382 1870 2638 2383 2381 2386 2378  6 10  3
2383 1871 2639 2316 2382 2387 2379  6 11  3
2384 1872 2640 2385 2355 2388 2380  6  8  4
2385 1873 2641 2386 2384 2389 2381  6  9  4
2386 1874 2642 2387 2385 2390 2382  6 10  4
2387 1875 2643 2320 2386 2391 2383  6 11  4
2388 1876 2644 2389 2359 2392 2384  6  8  5
2389 1877 2645 2390 2388 2393 2385  6  9  5
2390 1878 2646 2391 2389 2394 2386  6 10  5
2391 1879 2647 2324 2390 2395 2387  6 11  5
2392 1880 2648 2393 2363 2396 2388  6  8  6
2393 1881 2649 2394 2392 2397 2389  6  9  6
2394 1882 2650 2395 2393 2398 2390  6 10  6
2395 1883 2651 2328 2394 2399 2391  6 11  6
2396 1884 2652 2397 2367 2460 2392  6  8  7
2397 1885 2653 2398 2396 2461 2393  6  9  7
2398 1886 2654 2399 2397 2462 2394  6 10  7
2399 1887 2655 2332 2398 2463 2395  6 11  7
2432 1920 2688 2433 2467 2368 2436  6  8 15
2433 1921 2689 2434 2432 2369 2437  6  9 15
2434 1922 2690 2435 2433 2370 2438  6 10 15
2435 1923 2691 2496 2434 2371 2439  6 11 15
2436 1924 2692 2437 2471 2432 2440  6  8 14
2437 1925 2693 2438 2436 2433 2441  6  9 14
2438 1926 2694 2439 2437 2434 2442  6 10 14
2439 1927 2695 2500 2438 2435 2443  6 11 14
2440 1928 2696 2441 2475 2436 2444  6  8 13
2441 1929 2697 2442 2440 2437 2445  6  9 13
2442 1930 2698 2443 2441 2438 2446  6 10 13
2443 1931 2699 2504 2442 2439 2447  6 11 13
2444 1932 2700 2445 2479 2440 2448  6  8 12
2445 1933 2701 2446 2444 2441 2449  6  9 12
2446 1934 2702 2447 2445 2442 2450  6 10 12
2447 1935 2703 2508 2446 2443 2451  6 11 12
2448 1936 2704 2449 2483 2444 2452  6  8 11
2449 1937 2705 2450 2448 2445 2453  6  9 11
2450 1938 2706 2451 2449 2446 2454  6 10 11
2451 1939 2707 2512 2450 2447 2455  6 11 11
2452 1940 2708 2453 2487 2448 2456  6  8 10
2453 1941 2709 2454 2452 2449 2457  6  9 10
2454 1942 2710 2455 2453 2450 2458  6 10 10
2455 1943 2711 2516 2454 2451 2459  6 11 10
2456 1944 2712 2457 2491 2452 2460  6  8  9
2457 1945 2713 2458 2456 2453 2461  6  9  9
2458 1946 2714 2459 2457 2454 2462  6 10  9
2459 1947 2715 2520 2458 2455 2463  6 11  9
2460 1948 2716 2461 2495 2456 2396  6  8  8
2461 1949 2717 2462 2460 2457 2397  6  9  8
2462 1950 2718 2463 2461 2458 2398  6 10  8
2463 1951 2719 2524 2462 2459 2399  6 11  8
2464 1952 2720 2465 2499 2336 2468  6  4 15
2465 1953 2721 2466 2464 2337 2469  6  5 15
2466 1954 2722 2467 2465 2338 2470  6  6 15
2467 1955 2723 2432 2466 2339 2471  6  7 15
2468 1956 2724 2469 2503 2464 2472  6  4 14
2469 1957 2725 2470 2468 2465 2473  6  5 14
2470 1958 2726 2471 2469 2466 2474  6  6 14
2471 1959 2727 2436 2470 2467 2475  6  7 14
2472 1960 2728 2473 2507 2468 2476  6  4 13
2473 1961 2729 2474 2472 2469 2477  6  5 13
2474 1962 2730 2475 2473 2470 2478  6  6 13
2475 1963 2731 2440 2474 2471 2479  6  7 13
2476 1964 2732 2477 2511 2472 2480  6  4 12
2477 1965 2733 2478 2476 2473 2481  6  5 12
2478 1966 2734 2479 2477 2474 2482  6  6 12
2479 1967 2735 2444 2478 2475 2483  6  7 12
2480 1968 2736 2481 2515 2476 2484  6  4 11
2481 1969 2737 2482 2480 2477 2485  6  5 11
2482 1970 2738 2483 2481 2478 2486  6  6 11
2483 1971 2739 2448 2482 2479 2487  6  7 11
2484 1972 2740 2485 2519 2480 2488  6  4 10
2485 1973 2741 2486 2484 2481 2489  6  5 10
2486 1974 2742 2487 2485 2482 2490  6  6 10
2487 1975 2743 2452 2486 2483 2491  6  7 10
2488 1976 2744 2489 2523 2484 2492  6  4  9
2489 1977 2745 2490 2488 2485 2493  6  5  9
2490 1978 2746 2491 2489 2486 2494  6  6  9
2491 1979 2747 2456 2490 2487 2495  6  7  9
2492 1980 2748 2493 2527 2488 2364  6  4  8
2493 1981 2749 2494 2492 2489 2365  6  5  8
2494 1982 2750 2495 2493 2490 2366  6  6  8
2495 1983 2751 2460 2494 2491 2367  6  7  8
2496 1984 2752 2497 2435 2304 2500  6  0 15
2497 1985 2753 2498 2496 2305 2501  6  1 15
2498 1986 2754 2499 2497 2306 2502  6  2 15
2499 1987 2755 2464 2498 2307 2503  6  3 15
2500 1988 2756 2501 2439 2496 2504  6  0 14
2501 1989 2757 2502 2500 2497 2505  6  1 14
2502 1990 2758 2503 2501 2498 2506  6  2 14
2503 1991 2759 2468 2502 2499 2507  6  3 14
2504 1992 2760 2505 2443 2500 2508  6  0 13
2505 1993 2761 2506 2504 2501 2509  6  1 13
2506 1994 2762 2507 2505 2502 2510  6  2 13
2507 1995 2763 2472 2506 2503 2511  6  3 13
2508 1996 2764 2509 2447 2504 2512  6  0 12
2509 1997 2765 2510 2508 2505 2513  6  1 12
2510 1998 2766 2511 2509 2506 2514  6  2 12
2511 1999 2767 2476 2510 2507 2515  6  3 12
2512 2000 2768 2513 2451 2508 2516  6  0 11
2513 2001 2769 2514 2512 2509 2517  6  1 11
2514 2002 2770 2515 2513 2510 2518  6  2 11
2515 2003 2771 2480 2514 2511 2519  6  3 11
2516 2004 2772 2517 2455 2512 2520  6  0 10
2517 2005 2773 2518 2516 2513 2521  6  1 10
2518 2006 2774 2519 2517 2514 2522  6  2 10
2519 2007 2775 2484 2518 2515 2523  6  3 10
2520 2008 2776 2521 2459 2516 2524  6  0  9
2521 2009 2777 2522 2520 2517 2525  6  1  9
2522 2010 2778 2523 2521 2518 2526  6  2  9
2523 2011 2779 2488 2522 2519 2527  6  3  9
2524 2012 2780 2525 2463 2520 2332  6  0  8
2525 2013 2781 2526 2524 2521 2333  6  1  8
2526 2014 2782 2527 2525 2522 2334  6  2  8
2527 2015 2783 2492 2526 2523 2335  6  3  8
2560 2304 2048 2561 2627 2564 2752  5  0  0
2561 2305 2049 2562 2560 2565 2753  5  1  0
2562 2306 2050 2563 2561 2566 2754  5  2  0
2563 2307 2051 2592 2562 2567 2755  5  3  0
2564 2308 2052 2565 2631 2568 2560  5  0  1
2565 2309 2053 2566 2564 2569 2561  5  1  1
2566 2310 2054 2567 2565 2570 2562  5  2  1
2567 2311 2055 2596 2566 2571 2563  5  3  1
2568 2312 2056 2569 2635 2572 2564  5  0  2
2569 2313 2057 2570 2568 2573 2565  5  1  2
2570 2314 2058 2571 2569 2574 2566  5  2  2
2571 2315 2059 2600 2570 2575 2567  5  3  2
2572 2316 2060 2573 2639 2576 2568  5  0  3
2573 2317 2061 2574 2572 2577 2569  5  1  3
2574 2318 2062 2575 2573 2578 2570  5  2  3
2575 2319 2063 2604 2574 2579 2571  5  3  3
2576 2320 2064 2577 2643 2580 2572  5  0  4
2577 2321 2065 2578 2576 2581 2573  5  1  4
2578 2322 2066 2579 2577 2582 2574  5  2  4
2579 2323 2067 2608 2578 2583 2575  5  3  4
2580 2324 2068 2581 2647 2584 2576  5  0  5
2581 2325 2069 2582 2580 2585 2577  5  1  5
2582 2326 2070 2583 2581 2586 2578  5  2  5
2583 2327 2071 2612 2582 2587 2579  5  3  5
2584 2328 2072 2585 2651 2588 2580  5  0  6
2585 2329 2073 2586 2584 2589 2581  5  1  6
2586 2330 2074 2587 2585 2590 2582  5  2  6
2587 2331 2075 2616 2586 2591 2583  5  3  6
2588 2332 2076 2589 2655 2780 2584  5  0  7
2589 2333 2077 2590 2588 2781 2585  5  1  7
2590 2334 2078 2591 2589 2782 2586  5  2  7
2591 2335 2079 2620 2590 2783 2587  5  3  7
2592 2336 2080 2593 2563 2596 2720  5  4  0
2593 2337 2081 2594 2592 2597 2721  5  5  0
2594 2338 2082 2595 2593 2598 2722  5  6  0
2595 2339 2083 2624 2594 2599 2723  5  7  0
2596 2340 2084 2597 2567 2600 2592  5  4  1
2597 2341 2085 2598 2596 2601 2593  5  5  1
2598 2342 2086 2599 2597 2602 2594  5  6  1
2599 2343 2087 2628 2598 2603 2595  5  7  1
2600 2344 2088 2601 2571 2604 2596  5  4  2
2601 2345 2089 2602 2600 2605 2597  5  5  2
2602 2346 2090 2603 2601 2606 2598  5  6  2
2603 2347 2091 2632 2602 2607 2599  5  7  2
2604 2348 2092 2605 2575 2608 2600  5  4  3
2605 2349 2093 2606 2604 2609 2601  5  5  3
2606 2350 2094 2607 2605 2610 2602  5  6  3
2607 2351 2095 2636 2606 2611 2603  5  7  3
2608 2352 2096 2609 2579 2612 2604  5  4  4
2609 2353 2097 2610 2608 2613 2605  5  5  4
2610 2354 2098 2611 2609 2614 2606  5  6  4
2611 2355 2099 2640 2610 2615 2607  5  7  4
2612 2356 2100 2613 2583 2616 2608  5  4  5
2613 2357 2101 2614 2612 2617 2609  5  5  5
2614 2358 2102 2615 2613 2618 2610  5  6  5
2615 2359 2103 2644 2614 2619 2611  5  7  5
2616 2360 2104 2617 2587 2620 2612  5  4  6
2617 2361 2105 2618 2616 2621 2613  5  5  6
2618 2362 2106 2619 2617 2622 2614  5  6  6
2619 2363 2107 2648 2618 2623 2615  5  7  6
2620 2364 2108 2621 2591 2748 2616  5  4  7
2621 2365 2109 2622 2620 2749 2617  5  5  7
2622 2366 2110 2623 2621 2750 2618  5  6  7
2623 2367 2111 2652 2622 2751 2619  5  7  7
2624 2368 2112 2625 2595 2628 2688  5  8  0
2625 2369 2113 2626 2624 2629 2689  5  9  0
2626 2370 2114 2627 2625 2630 2690  5 10  0
2627 2371 2115 2560 2626 2631 2691  5 11  0
2628 2372 2116 2629 2599 2632 2624  5  8  1
2629 2373 2117 2630 2628 2633 2625  5  9  1
2630 2374 2118 2631 2629 2634 2626  5 10  1
2631 2375 2119 2564 2630 2635 2627  5 11  1
2632 2376 2120 2633 2603 2636 2628  5  8  2
2633 2377 2121 2634 2632 2637 2629  5  9  2
2634 2378 2122 2635 2633 2638 2630  5 10  2
2635 2379 2123 2568 2634 2639 2631  5 11  2
2636 2380 2124 2637 2607 2640 2632  5  8  3
2637 2381 2125 2638 2636 2641 2633  5  9  3
2638 2382 2126 2639 2637 2642 2634  5 10  3
2639 2383 2127 2572 2638 2643 2635  5 11  3
2640 2384 2128 2641 2611 2644 2636  5  8  4
2641 2385 2129 2642 2640 2645 2637  5  9  4
2642 2386 2130 2643 2641 2646 2638  5 10  4
2643 2387 2131 2576 2642 2647 2639  5 11  4
2644 2388 2132 2645 2615 2648 2640  5  8  5
2645 2389 2133 2646 2644 2649 2641  5  9  5
2646 2390 2134 2647 2645 2650 2642  5 10  5
2647 2391 2135 2580 2646 2651 2643  5 11  5
2648 2392 2136 2649 2619 2652 2644  5  8  6
2649 2393 2137 2650 2648 2653 2645  5  9  6
2650 2394 2138 2651 2649 2654 2646  5 10  6
2651 2395 2139 2584 2650 2655 2647  5 11  6
2652 2396 2140 2653 2623 2716 2648  5  8  7
2653 2397 2141 2654 2652 2717 2649  5  9  7
2654 2398 2142 2655 2653 2718 2650  5 10  7
2655 2399 2143 2588 2654 2719 2651  5 11  7
2688 2432 2176 2689 2723 2624 2692  5  8 15
2689 2433 2177 2690 2688 2625 2693  5  9 15
2690 2434 2178 2691 2689 2626 2694  5 10 15
2691 2435 2179 2752 2690 2627 2695  5 11 15
2692 2436 2180 2693 2727 2688 2696  5  8 14
2693 2437 2181 2694 2692 2689 2697  5  9 14
2694 2438 2182 2695 2693 2690 2698  5 10 14
2695 2439 2183 2756 2694 2691 2699  5 11 14
2696 2440 2184 2697 2731 2692 2700  5  8 13
2697 2441 2185 2698 2696 2693 2701  5  9 13
2698 2442 2186 2699 2697 2694 2702  5 10 13
2699 2443 2187 2760 2698 2695 2703  5 11 13
2700 2444 2188 2701 2735 2696 2704  5  8 12
2701 2445 2189 2702 2700 2697 2705  5  9 12
2702 2446 2190 2703 2701 2698 2706  5 10 12
2703 2447 2191 2764 2702 2699 2707  5 11 12
2704 2448 2192 2705 2739 2700 2708  5  8 11
2705 2449 2193 2706 2704 2701 2709  5  9 11
2706 2450 2194 2707 2705 2702 2710  5 10 11
2707 2451 2195 2768 2706 2703 2711  5 11 11
2708 2452 2196 2709 2743 2704 2712  5  8 10
2709 2453 2197 2710 2708 2705 2713  5  9 10
2710 2454 2198 2711 2709 2706 2714  5 10 10
2711 2455 2199 2772 2710 2707 2715  5 11 10
2712 2456 2200 2713 2747 2708 2716  5  8  9
2713 2457 2201 2714 2712 2709 2717  5  9  9
2714 2458 2202 2715 2713 2710 2718  5 10  9
2715 2459 2203 2776 2714 2711 2719  5 11  9
2716 2460 2204 2717 2751 2712 2652  5  8  8
2717 2461 2205 2718 2716 2713 2653  5  9  8
2718 2462 2206 2719 2717 2714 2654  5 10  8
2719 2463 2207 2780 2718 2715 2655  5 11  8
2720 2464 2208 2721 2755 2592 2724  5  4 15
2721 2465 2209 2722 2720 2593 2725  5  5 15
2722 2466 2210 2723 2721 2594 2726  5  6 15
2723 2467 2211 2688 2722 2595 2727  5  7 15
2724 2468 2212 2725 2759 2720 2728  5  4 14
2725 2469 2213 2726 2724 2721 2729  5  5 14
2726 2470 2214 2727 2725 2722 2730  5  6 14
2727 2471 2215 2692 2726 2723 2731  5  7 14
2728 2472 2216 2729 2763 2724 2732  5  4 13
2729 2473 2217 2730 2728 2725 2733  5  5 13
2730 2474 2218 2731 2729 2726 2734  5  6 13
2731 2475 2219 2696 2730 2727 2735  5  7 13
2732 2476 2220 2733 2767 2728 2736  5  4 12
2733 2477 2221 2734 2732 2729 2737  5  5 12
2734 2478 2222 2735 2733 2730 2738  5  6 12
2735 2479 2223 2700 2734 2731 2739  5  7 12
2736 2480 2224 2737 2771 2732 2740  5  4 11
2737 2481 2225 2738 2736 2733 2741  5  5 11
2738 2482 2226 2739 2737 2734 2742  5  6 11
2739 2483 2227 2704 2738 2735 2743  5  7 11
2740 2484 2228 2741 2775 2736 2744  5  4 10
2741 2485 2229 2742 2740 2737 2745  5  5 10
2742 2486 2230 2743 2741 2738 2746  5  6 10
2743 2487 2231 2708 2742 2739 2747  5  7 10
2744 2488 2232 2745 2779 2740 2748  5  4  9
2745 2489 2233 2746 2744 2741 2749  5  5  9
2746 2490 2234 2747 2745 2742 2750  5  6  9
2747 2491 2235 2712 2746 2743 2751  5  7  9
2748 2492 2236 2749 2783 2744 2620  5  4  8
2749 2493 2237 2750 2748 2745 2621  5  5  8
2750 2494 2238 2751 2749 2746 2622  5  6  8
2751 2495 2239 2716 2750 2747 2623  5  7  8
2752 2496 2240 2753 2691 2560 2756  5  0 15
2753 2497 2241 2754 2752 2561 2757  5  1 15
2754 2498 2242 2755 2753 2562 2758  5  2 15
2755 2499 2243 2720 2754 2563 2759  5  3 15
2756 2500 2244 2757 2695 2752 2760  5  0 14
2757 2501 2245 2758 2756 2753 2761  5  1 14
2758 2502 2246 2759 2757 2754 2762  5  2 14
2759 2503 2247 2724 2758 2755 2763  5  3 14
2760 2504 2248 2761 2699 2756 2764  5  0 13
2761 2505 2249 2762 2760 2757 2765  5  1 13
2762 2506 2250 2763 2761 2758 2766  5  2 13
2763 2507 2251 2728 2762 2759 2767  5  3 13
2764 2508 2252 2765 2703 2760 2768  5  0 12
2765 2509 2253 2766 2764 2761 2769  5  1 12
2766 2510 2254 2767 2765 2762 2770  5  2 12
2767 2511 2255 2732 2766 2763 2771  5  3 12
2768 2512 2256 2769 2707 2764 2772  5  0 11
2769 2513 2257 2770 2768 2765 2773  5  1 11
2770 2514 2258 2771 2769 2766 2774  5  2 11
2771 2515 2259 2736 2770 2767 2775  5  3 11
2772 2516 2260 2773 2711 2768 2776  5  0 10
2773 2517 2261 2774 2772 2769 2777  5  1 10
2774 2518 2262 2775 2773 2770 2778  5  2 10
2775 2519 2263 2740 2774 2771 2779  5  3 10
2776 2520 2264 2777 2715 2772 2780  5  0  9
2777 2521 2265 2778 2776 2773 2781  5  1  9
2778 2522 2266 2779 2777 2774 2782  5  2  9
2779 2523 2267 2744 2778 2775 2783  5  3  9
2780 2524 2268 2781 2719 2776 2588  5  0  8
2781 2525 2269 2782 2780 2777 2589  5  1  8
2782 2526 2270 2783 2781 2778 2590  5  2  8
2783 2527 2271 2748 2782 2779 2591  5  3  8
