0 57.500000
1 100.000000
2 100.000000
3 99.062500
4 97.187500
5 100.000000
6 100.000000
7 100.000000
8 95.000000
9 100.000000
10 100.000000
11 100.000000
12 100.000000
13 100.000000
14 95.937500
15 93.750000
16 95.312500
17 98.437500
18 98.125000
19 100.000000
20 99.687500
21 97.187500
22 95.312500
23 93.750000
24 93.750000
25 93.750000
26 96.250000
27 98.750000
28 93.750000
29 96.875000
30 93.750000
31 93.750000
32 93.750000
33 93.750000
34 95.312500
35 93.750000
36 97.187500
37 93.750000
38 93.750000
39 92.187500
40 89.375000
41 92.187500
42 95.937500
43 93.125000
44 92.812500
45 93.750000
46 92.187500
47 93.125000
48 91.250000
49 93.125000
50 92.500000
51 97.500000
52 93.750000
53 98.125000
54 94.687500
55 93.437500
56 90.312500
57 98.437500
58 93.750000
59 95.312500
60 95.000000
61 94.062500
62 94.062500
63 93.750000
64 93.437500
65 94.062500
66 92.500000
67 93.750000
68 92.812500
69 93.750000
70 93.125000
71 93.750000
72 93.750000
73 93.750000
74 93.750000
75 89.062500
76 90.625000
77 89.375000
78 95.312500
79 92.812500
80 93.750000
81 93.750000
82 92.500000
83 90.937500
84 89.062500
85 90.625000
86 92.812500
87 91.875000
88 87.500000
89 90.625000
90 89.062500
91 89.687500
92 91.250000
93 87.812500
94 93.125000
95 87.500000
96 88.750000
97 87.500000
98 87.500000
99 86.562500
100 84.687500
101 84.687500
102 92.812500
103 87.500000
104 89.375000
105 94.687500
106 87.812500
107 90.937500
108 92.500000
109 93.750000
110 93.125000
111 82.812500
112 86.250000
113 89.062500
114 86.875000
115 89.375000
116 89.375000
117 89.687500
118 93.437500
119 91.250000
120 90.625000
121 90.625000
122 90.000000
123 90.937500
124 89.062500
125 86.250000
126 85.937500
127 90.312500
128 89.687500
129 92.500000
130 85.625000
131 88.750000
132 85.000000
133 86.875000
134 87.187500
135 87.812500
136 89.062500
137 87.500000
138 83.750000
139 84.375000
140 84.375000
141 87.500000
142 81.250000
143 88.437500
144 87.187500
145 85.312500
146 86.875000
147 89.062500
148 85.937500
149 84.687500
150 81.562500
151 86.875000
152 83.437500
153 84.687500
154 86.250000
155 90.625000
156 89.062500
157 88.437500
158 87.500000
159 90.000000
160 82.500000
161 86.562500
162 86.562500
163 86.562500
164 87.500000
165 85.625000
166 86.875000
167 85.000000
168 88.437500
169 80.312500
170 86.875000
171 84.687500
172 89.687500
173 86.562500
174 85.312500
175 83.125000
176 81.562500
177 82.500000
178 85.312500
179 82.812500
180 77.500000
181 82.500000
182 83.437500
183 79.687500
184 81.250000
185 79.687500
186 80.312500
187 79.687500
188 77.812500
189 82.812500
190 78.437500
191 80.000000
192 80.625000
193 78.125000
194 70.000000
195 76.562500
196 89.375000
197 82.187500
198 78.437500
199 78.125000
200 80.937500
201 78.750000
202 70.312500
203 71.562500
204 80.000000
205 71.562500
206 66.562500
207 68.437500
208 72.500000
209 69.375000
210 70.937500
211 70.937500
212 70.000000
213 69.375000
214 70.312500
215 68.125000
216 71.875000
217 69.687500
218 58.750000
219 71.250000
220 69.687500
221 72.187500
222 83.125000
223 67.500000
224 71.562500
225 59.687500
226 60.312500
227 65.312500
228 72.187500
229 63.437500
230 73.750000
231 71.562500
232 63.125000
233 59.375000
234 65.000000
235 59.375000
236 58.125000
237 52.500000
238 52.812500
239 51.562500
240 53.750000
241 48.437500
242 53.125000
243 50.625000
244 57.500000
245 48.125000
246 45.000000
247 48.437500
248 46.875000
249 50.000000
250 45.000000
251 48.125000
252 54.062500
253 49.687500
254 48.437500
255 43.437500
256 42.812500
257 38.437500
258 40.625000
259 40.000000
260 39.375000
261 38.750000
262 41.875000
263 48.125000
264 37.500000
265 43.750000
266 34.375000
267 40.312500
268 40.312500
269 33.125000
270 39.062500
271 40.312500
272 42.812500
273 45.000000
274 46.562500
275 46.250000
276 44.375000
277 36.875000
278 37.187500
279 32.812500
280 36.875000
281 31.250000
282 26.250000
283 29.062500
284 23.437500
285 24.062500
286 39.375000
287 39.062500
288 25.312500
289 31.562500
290 28.750000
291 31.875000
292 31.250000
293 25.000000
294 21.562500
295 23.437500
296 25.312500
297 25.312500
298 26.562500
299 24.687500
300 25.312500
301 26.562500
302 23.437500
303 23.750000
304 25.000000
305 25.000000
306 32.187500
307 26.562500
308 22.812500
309 22.500000
310 19.687500
311 21.875000
312 24.375000
313 23.437500
314 15.312500
315 15.937500
316 15.625000
317 25.937500
318 21.250000
319 25.937500
320 18.750000
321 15.625000
322 24.375000
323 19.062500
324 16.250000
325 16.250000
326 31.562500
327 26.875000
328 23.125000
329 27.500000
330 24.375000
331 26.562500
332 25.000000
333 25.000000
334 27.812500
335 33.750000
336 19.062500
337 22.812500
338 18.437500
339 20.312500
340 15.312500
341 19.687500
342 15.312500
343 18.125000
344 19.375000
345 18.437500
346 19.375000
347 15.625000
348 28.437500
349 32.500000
350 24.687500
351 27.812500
352 25.625000
353 20.937500
354 20.937500
355 16.250000
356 15.625000
357 20.625000
358 22.187500
359 12.500000
360 15.937500
361 23.125000
362 20.312500
363 24.687500
364 29.687500
365 13.750000
366 15.625000
367 15.937500
368 27.812500
369 18.437500
370 20.312500
371 21.875000
372 14.062500
373 18.750000
374 22.812500
375 22.187500
376 19.375000
377 19.687500
378 16.562500
379 12.500000
380 21.875000
381 25.937500
382 24.062500
383 18.125000
384 22.187500
385 17.187500
386 19.062500
387 16.562500
388 20.000000
389 14.375000
390 15.625000
391 20.000000
392 25.312500
393 22.500000
394 20.312500
395 19.375000
396 20.000000
397 25.625000
398 20.625000
399 20.312500
400 27.187500
401 19.062500
402 12.500000
403 15.625000
404 11.562500
405 11.875000
406 21.562500
407 9.375000
408 9.375000
409 6.250000
410 12.500000
411 8.125000
412 7.500000
413 15.625000
414 13.750000
415 18.125000
416 11.875000
417 9.375000
418 12.812500
419 17.187500
420 16.875000
421 14.375000
422 11.250000
423 18.750000
424 11.875000
425 14.375000
426 8.750000
427 6.250000
428 9.375000
429 6.250000
430 6.250000
431 6.875000
432 20.312500
433 6.562500
434 8.437500
435 53.750000
436 23.125000
437 18.125000
438 9.062500
439 9.375000
440 10.000000
441 15.000000
442 13.437500
443 18.750000
444 7.500000
445 20.000000
446 6.250000
447 8.750000
448 6.875000
449 12.500000
450 6.250000
451 11.250000
452 10.625000
453 9.375000
454 9.375000
455 12.500000
456 9.375000
457 6.250000
458 9.375000
459 6.250000
460 9.375000
461 9.375000
462 6.250000
463 6.250000
464 11.250000
465 10.000000
466 6.250000
467 6.250000
468 9.375000
469 6.250000
470 6.250000
471 8.750000
472 9.375000
473 9.375000
474 9.375000
475 9.375000
476 6.250000
477 6.250000
478 13.750000
479 21.250000
480 8.125000
481 6.250000
482 12.500000
483 6.250000
484 6.250000
485 9.375000
486 10.625000
487 22.812500
488 22.187500
489 8.437500
490 6.250000
491 19.687500
492 17.187500
493 13.125000
494 16.562500
495 10.312500
496 26.250000
497 17.500000
498 10.625000
499 13.750000
500 12.500000
501 9.375000
502 15.312500
503 19.062500
504 10.937500
505 12.187500
506 9.375000
507 9.375000
508 6.250000
509 6.250000
510 9.375000
511 6.250000
512 13.750000
513 13.750000
514 9.375000
515 10.625000
516 11.875000
517 11.875000
518 6.250000
519 6.250000
520 6.250000
521 6.250000
522 6.250000
523 10.000000
524 21.562500
525 25.625000
526 7.812500
527 6.250000
528 9.375000
529 21.250000
530 15.000000
531 20.312500
532 8.437500
533 6.250000
534 17.812500
535 12.187500
536 11.875000
537 15.625000
538 6.250000
539 9.375000
540 6.250000
541 9.375000
542 6.250000
543 6.250000
544 6.250000
545 9.375000
546 9.375000
547 6.250000
548 8.750000
549 10.000000
550 12.500000
551 12.500000
552 10.625000
553 8.750000
554 11.875000
555 10.625000
556 12.500000
557 19.062500
558 14.062500
559 10.625000
560 11.250000
561 8.750000
562 6.250000
563 6.250000
564 9.375000
565 6.250000
566 18.750000
567 7.500000
568 21.250000
569 8.125000
570 9.375000
571 9.375000
572 9.375000
573 9.375000
574 6.250000
575 6.250000
576 9.375000
577 6.250000
578 19.375000
579 9.375000
580 6.250000
581 6.250000
582 12.500000
583 8.750000
584 6.250000
585 6.250000
586 9.375000
587 6.250000
588 11.250000
589 13.750000
590 8.750000
591 9.062500
592 13.437500
593 6.875000
594 3.750000
595 1.250000
