0 0 100
0 1 100
0 2 100
0 3 100
0 4 100
0 5 100
0 6 100
0 7 100
0 8 100
0 9 100
0 10 100
0 11 100
0 12 100
0 13 100
0 14 100
0 15 100
0 16 100
0 17 100
0 18 100
0 19 100
0 20 100
0 21 100
0 22 100
0 23 100
0 24 100
0 25 100
0 26 100
0 27 100
0 28 100
0 29 100
0 30 100
0 31 100
0 32 100
0 33 100
0 34 100
0 35 100
0 36 100
0 37 100
0 38 100
0 39 75
0 40 30
0 41 70
0 42 100
0 43 55
0 44 60
0 45 100
0 46 75
0 47 90
0 48 60
0 49 90
0 50 50
0 51 100
0 52 100
0 53 100
0 54 100
0 55 95
0 56 40
0 57 100
0 58 100
0 59 100
0 60 100
0 61 100
0 62 80
0 63 100
0 64 95
0 65 80
0 66 55
0 67 100
0 68 85
0 69 100
0 70 90
0 71 100
0 72 100
0 73 100
0 74 100
0 75 25
0 76 50
0 77 30
0 78 100
0 79 85
0 80 100
0 81 100
0 82 55
0 83 55
0 84 25
0 85 50
0 86 85
0 87 70
0 88 0
0 89 50
0 90 25
0 91 35
0 92 60
0 93 5
0 94 90
0 95 0
0 96 20
0 97 5
0 98 0
0 99 0
0 100 0
0 101 30
0 102 100
0 103 0
0 104 30
0 105 100
0 106 5
0 107 50
0 108 80
0 109 100
0 110 65
0 111 0
0 112 0
0 113 25
0 114 25
0 115 65
0 116 65
0 117 35
0 118 95
0 119 60
0 120 50
0 121 50
0 122 40
0 123 100
0 124 25
0 125 0
0 126 20
0 127 45
0 128 35
0 129 95
0 130 10
0 131 25
0 132 0
0 133 0
0 134 0
0 135 10
0 136 65
0 137 0
0 138 0
0 139 50
0 140 0
0 141 25
0 142 0
0 143 65
0 144 50
0 145 10
0 146 80
0 147 25
0 148 0
0 149 0
0 150 0
0 151 25
0 152 25
0 153 30
0 154 0
0 155 75
0 156 45
0 157 85
0 158 0
0 159 75
0 160 15
0 161 15
0 162 35
0 163 0
0 164 0
0 165 25
0 166 50
0 167 25
0 168 20
0 169 30
0 170 25
0 171 25
0 172 35
0 173 40
0 174 25
0 175 25
0 176 0
0 177 25
0 178 25
0 179 0
0 180 0
0 181 0
0 182 65
0 183 50
0 184 0
0 185 0
0 186 0
0 187 0
0 188 0
0 189 25
0 190 0
0 191 0
0 192 0
0 193 0
0 194 0
0 195 20
0 196 95
0 197 25
0 198 30
0 199 0
0 200 0
0 201 0
0 202 0
0 203 0
0 204 0
0 205 0
0 206 0
0 207 40
0 208 25
0 209 0
0 210 0
0 211 0
0 212 0
0 213 0
0 214 0
0 215 0
0 216 0
0 217 0
0 218 0
0 219 0
0 220 0
0 221 0
0 222 10
0 223 15
0 224 0
0 225 0
0 226 0
0 227 0
0 228 0
0 229 0
0 230 0
0 231 0
0 232 0
0 233 0
0 234 0
0 235 0
0 236 0
0 237 0
0 238 0
0 239 0
0 240 0
0 241 0
0 242 0
0 243 0
0 244 0
0 245 0
0 246 0
0 247 0
0 248 0
0 249 0
0 250 0
0 251 0
0 252 0
0 253 0
0 254 0
0 255 0
0 256 0
0 257 0
0 258 0
0 259 0
0 260 0
0 261 0
0 262 0
0 263 0
0 264 0
0 265 0
0 266 0
0 267 0
0 268 0
0 269 0
0 270 0
0 271 0
0 272 0
0 273 0
0 274 0
0 275 0
0 276 0
0 277 0
0 278 0
0 279 0
0 280 0
0 281 0
0 282 0
0 283 0
0 284 0
0 285 0
0 286 0
0 287 0
0 288 0
0 289 0
0 290 0
0 291 0
0 292 0
0 293 0
0 294 0
0 295 0
0 296 0
0 297 0
0 298 0
0 299 0
0 300 0
0 301 0
0 302 0
0 303 0
0 304 0
0 305 0
0 306 0
0 307 0
0 308 0
0 309 0
0 310 0
0 311 0
0 312 0
0 313 0
0 314 0
0 315 0
0 316 0
0 317 0
0 318 0
0 319 0
0 320 0
0 321 0
0 322 0
0 323 0
0 324 0
0 325 0
0 326 0
0 327 0
0 328 0
0 329 0
0 330 0
0 331 0
0 332 0
0 333 0
0 334 0
0 335 0
0 336 0
0 337 0
0 338 0
0 339 0
0 340 0
0 341 0
0 342 0
0 343 0
0 344 0
0 345 0
0 346 0
0 347 0
0 348 0
0 349 0
0 350 0
0 351 0
0 352 0
0 353 0
0 354 0
0 355 0
0 356 0
0 357 0
0 358 0
0 359 0
0 360 0
0 361 0
0 362 0
0 363 0
0 364 0
0 365 0
0 366 0
0 367 0
0 368 0
0 369 0
0 370 0
0 371 0
0 372 0
0 373 0
0 374 0
0 375 0
0 376 0
0 377 0
0 378 0
0 379 0
0 380 0
0 381 0
0 382 0
0 383 0
0 384 0
0 385 0
0 386 0
0 387 0
0 388 0
0 389 0
0 390 0
0 391 0
0 392 0
0 393 0
0 394 0
0 395 0
0 396 0
0 397 0
0 398 0
0 399 0
0 400 0
0 401 0
0 402 0
0 403 0
0 404 0
0 405 0
0 406 0
0 407 0
0 408 0
0 409 0
0 410 0
0 411 0
0 412 0
0 413 0
0 414 0
0 415 0
0 416 0
0 417 0
0 418 0
0 419 0
0 420 0
0 421 0
0 422 0
0 423 0
0 424 0
0 425 0
0 426 0
0 427 0
0 428 0
0 429 0
0 430 0
0 431 0
0 432 0
0 433 0
0 434 0
0 435 0
0 436 0
0 437 0
0 438 0
0 439 0
0 440 0
0 441 0
0 442 0
0 443 0
0 444 0
0 445 0
0 446 0
0 447 0
0 448 0
0 449 0
0 450 0
0 451 0
0 452 0
0 453 0
0 454 0
0 455 0
0 456 0
0 457 0
0 458 0
0 459 0
0 460 0
0 461 0
0 462 0
0 463 0
0 464 0
0 465 0
0 466 0
0 467 0
0 468 0
0 469 0
0 470 0
0 471 0
0 472 0
0 473 0
0 474 0
0 475 0
0 476 0
0 477 0
0 478 0
0 479 0
0 480 0
0 481 0
0 482 0
0 483 0
0 484 0
0 485 0
0 486 0
0 487 0
0 488 0
0 489 0
0 490 0
0 491 0
0 492 0
0 493 0
0 494 0
0 495 0
0 496 0
0 497 0
0 498 0
0 499 0
0 500 0
0 501 0
0 502 0
0 503 0
0 504 0
0 505 0
0 506 0
0 507 0
0 508 0
0 509 0
0 510 0
0 511 0
0 512 0
0 513 0
0 514 0
0 515 0
0 516 0
0 517 0
0 518 0
0 519 0
0 520 0
0 521 0
0 522 0
0 523 0
0 524 0
0 525 0
0 526 0
0 527 0
0 528 0
0 529 0
0 530 0
0 531 0
0 532 0
0 533 0
0 534 0
0 535 0
0 536 0
0 537 0
0 538 0
0 539 0
0 540 0
0 541 0
0 542 0
0 543 0
0 544 0
0 545 0
0 546 0
0 547 0
0 548 0
0 549 0
0 550 0
0 551 0
0 552 0
0 553 0
0 554 0
0 555 0
0 556 0
0 557 0
0 558 0
0 559 0
0 560 0
0 561 0
0 562 0
0 563 0
0 564 0
0 565 0
0 566 0
0 567 0
0 568 0
0 569 0
0 570 0
0 571 0
0 572 0
0 573 0
0 574 0
0 575 0
0 576 0
0 577 0
0 578 0
0 579 0
0 580 0
0 581 0
0 582 0
0 583 0
0 584 0
0 585 0
0 586 0
0 587 0
0 588 0
0 589 0
0 590 0
0 591 0
0 592 0
0 593 0
0 594 0
0 595 0
1 0 20
1 1 100
1 2 100
1 3 100
1 4 100
1 5 100
1 6 100
1 7 100
1 8 100
1 9 100
1 10 100
1 11 100
1 12 100
1 13 100
1 14 100
1 15 100
1 16 100
1 17 100
1 18 100
1 19 100
1 20 100
1 21 100
1 22 100
1 23 100
1 24 100
1 25 100
1 26 100
1 27 100
1 28 100
1 29 100
1 30 100
1 31 100
1 32 100
1 33 100
1 34 100
1 35 100
1 36 100
1 37 100
1 38 100
1 39 100
1 40 100
1 41 100
1 42 100
1 43 100
1 44 100
1 45 100
1 46 100
1 47 100
1 48 100
1 49 100
1 50 100
1 51 100
1 52 100
1 53 100
1 54 100
1 55 100
1 56 100
1 57 100
1 58 100
1 59 100
1 60 100
1 61 100
1 62 100
1 63 100
1 64 100
1 65 100
1 66 100
1 67 100
1 68 100
1 69 100
1 70 100
1 71 100
1 72 100
1 73 100
1 74 100
1 75 100
1 76 100
1 77 100
1 78 100
1 79 100
1 80 100
1 81 100
1 82 100
1 83 100
1 84 100
1 85 100
1 86 100
1 87 100
1 88 100
1 89 100
1 90 100
1 91 100
1 92 100
1 93 100
1 94 100
1 95 100
1 96 100
1 97 100
1 98 100
1 99 100
1 100 100
1 101 100
1 102 100
1 103 100
1 104 100
1 105 100
1 106 100
1 107 100
1 108 100
1 109 100
1 110 100
1 111 100
1 112 100
1 113 100
1 114 100
1 115 100
1 116 100
1 117 100
1 118 100
1 119 100
1 120 100
1 121 100
1 122 100
1 123 100
1 124 100
1 125 100
1 126 100
1 127 100
1 128 100
1 129 100
1 130 100
1 131 100
1 132 100
1 133 100
1 134 100
1 135 100
1 136 100
1 137 100
1 138 100
1 139 100
1 140 100
1 141 100
1 142 100
1 143 100
1 144 100
1 145 100
1 146 100
1 147 100
1 148 100
1 149 100
1 150 100
1 151 100
1 152 100
1 153 100
1 154 100
1 155 100
1 156 100
1 157 100
1 158 100
1 159 100
1 160 100
1 161 100
1 162 100
1 163 100
1 164 100
1 165 100
1 166 100
1 167 100
1 168 100
1 169 100
1 170 100
1 171 100
1 172 100
1 173 100
1 174 100
1 175 100
1 176 100
1 177 100
1 178 100
1 179 100
1 180 100
1 181 100
1 182 100
1 183 100
1 184 100
1 185 100
1 186 100
1 187 100
1 188 100
1 189 100
1 190 100
1 191 100
1 192 100
1 193 100
1 194 100
1 195 100
1 196 100
1 197 100
1 198 100
1 199 100
1 200 100
1 201 100
1 202 100
1 203 100
1 204 100
1 205 100
1 206 100
1 207 100
1 208 100
1 209 100
1 210 100
1 211 100
1 212 100
1 213 100
1 214 100
1 215 100
1 216 100
1 217 100
1 218 100
1 219 100
1 220 100
1 221 100
1 222 100
1 223 100
1 224 100
1 225 100
1 226 100
1 227 100
1 228 100
1 229 100
1 230 100
1 231 100
1 232 100
1 233 100
1 234 100
1 235 100
1 236 100
1 237 100
1 238 100
1 239 100
1 240 100
1 241 100
1 242 100
1 243 100
1 244 100
1 245 100
1 246 100
1 247 100
1 248 100
1 249 100
1 250 100
1 251 100
1 252 100
1 253 100
1 254 100
1 255 100
1 256 100
1 257 100
1 258 100
1 259 100
1 260 100
1 261 100
1 262 100
1 263 100
1 264 100
1 265 100
1 266 100
1 267 100
1 268 100
1 269 100
1 270 100
1 271 100
1 272 100
1 273 100
1 274 100
1 275 100
1 276 100
1 277 100
1 278 100
1 279 100
1 280 100
1 281 100
1 282 100
1 283 100
1 284 100
1 285 100
1 286 100
1 287 100
1 288 100
1 289 100
1 290 100
1 291 100
1 292 100
1 293 100
1 294 100
1 295 100
1 296 100
1 297 100
1 298 100
1 299 100
1 300 100
1 301 100
1 302 100
1 303 100
1 304 100
1 305 100
1 306 100
1 307 100
1 308 100
1 309 100
1 310 100
1 311 100
1 312 100
1 313 100
1 314 100
1 315 100
1 316 100
1 317 100
1 318 100
1 319 100
1 320 100
1 321 100
1 322 100
1 323 100
1 324 100
1 325 100
1 326 100
1 327 100
1 328 100
1 329 100
1 330 100
1 331 100
1 332 100
1 333 100
1 334 100
1 335 100
1 336 100
1 337 100
1 338 100
1 339 100
1 340 100
1 341 100
1 342 100
1 343 100
1 344 100
1 345 100
1 346 100
1 347 100
1 348 100
1 349 100
1 350 100
1 351 100
1 352 100
1 353 100
1 354 100
1 355 100
1 356 100
1 357 100
1 358 100
1 359 100
1 360 100
1 361 100
1 362 100
1 363 100
1 364 100
1 365 100
1 366 100
1 367 100
1 368 100
1 369 100
1 370 100
1 371 100
1 372 100
1 373 100
1 374 100
1 375 100
1 376 100
1 377 100
1 378 100
1 379 100
1 380 100
1 381 100
1 382 100
1 383 100
1 384 100
1 385 100
1 386 100
1 387 100
1 388 100
1 389 100
1 390 100
1 391 100
1 392 100
1 393 100
1 394 100
1 395 100
1 396 100
1 397 100
1 398 100
1 399 100
1 400 100
1 401 100
1 402 100
1 403 100
1 404 100
1 405 100
1 406 100
1 407 100
1 408 100
1 409 100
1 410 100
1 411 100
1 412 100
1 413 100
1 414 100
1 415 100
1 416 100
1 417 100
1 418 100
1 419 100
1 420 100
1 421 100
1 422 100
1 423 100
1 424 100
1 425 100
1 426 100
1 427 100
1 428 100
1 429 100
1 430 100
1 431 100
1 432 100
1 433 100
1 434 100
1 435 100
1 436 100
1 437 100
1 438 100
1 439 100
1 440 100
1 441 100
1 442 100
1 443 100
1 444 100
1 445 100
1 446 100
1 447 100
1 448 100
1 449 100
1 450 100
1 451 100
1 452 100
1 453 100
1 454 100
1 455 100
1 456 100
1 457 100
1 458 100
1 459 100
1 460 100
1 461 100
1 462 100
1 463 100
1 464 100
1 465 100
1 466 100
1 467 100
1 468 100
1 469 100
1 470 100
1 471 100
1 472 100
1 473 100
1 474 100
1 475 100
1 476 100
1 477 100
1 478 100
1 479 100
1 480 100
1 481 100
1 482 100
1 483 100
1 484 100
1 485 100
1 486 100
1 487 100
1 488 100
1 489 100
1 490 100
1 491 100
1 492 100
1 493 100
1 494 100
1 495 100
1 496 100
1 497 100
1 498 100
1 499 100
1 500 100
1 501 100
1 502 100
1 503 100
1 504 100
1 505 100
1 506 100
1 507 100
1 508 100
1 509 100
1 510 100
1 511 100
1 512 100
1 513 100
1 514 100
1 515 100
1 516 100
1 517 100
1 518 100
1 519 100
1 520 100
1 521 100
1 522 100
1 523 100
1 524 100
1 525 100
1 526 100
1 527 100
1 528 100
1 529 100
1 530 100
1 531 100
1 532 100
1 533 100
1 534 100
1 535 100
1 536 100
1 537 100
1 538 100
1 539 100
1 540 100
1 541 100
1 542 100
1 543 100
1 544 100
1 545 100
1 546 100
1 547 100
1 548 100
1 549 100
1 550 100
1 551 100
1 552 100
1 553 100
1 554 100
1 555 100
1 556 100
1 557 100
1 558 100
1 559 100
1 560 100
1 561 100
1 562 100
1 563 100
1 564 100
1 565 100
1 566 100
1 567 100
1 568 100
1 569 100
1 570 100
1 571 100
1 572 100
1 573 100
1 574 100
1 575 100
1 576 100
1 577 100
1 578 100
1 579 100
1 580 100
1 581 100
1 582 100
1 583 100
1 584 100
1 585 100
1 586 100
1 587 100
1 588 100
1 589 100
1 590 100
1 591 100
1 592 70
1 593 0
1 594 0
1 595 0
2 0 50
2 1 100
2 2 100
2 3 100
2 4 100
2 5 100
2 6 100
2 7 100
2 8 100
2 9 100
2 10 100
2 11 100
2 12 100
2 13 100
2 14 100
2 15 100
2 16 100
2 17 100
2 18 100
2 19 100
2 20 100
2 21 100
2 22 100
2 23 100
2 24 100
2 25 100
2 26 100
2 27 100
2 28 100
2 29 100
2 30 100
2 31 100
2 32 100
2 33 100
2 34 100
2 35 100
2 36 100
2 37 100
2 38 100
2 39 100
2 40 100
2 41 100
2 42 100
2 43 100
2 44 100
2 45 100
2 46 100
2 47 100
2 48 100
2 49 100
2 50 100
2 51 100
2 52 100
2 53 100
2 54 100
2 55 100
2 56 100
2 57 100
2 58 100
2 59 100
2 60 100
2 61 100
2 62 100
2 63 100
2 64 100
2 65 100
2 66 100
2 67 100
2 68 100
2 69 100
2 70 100
2 71 100
2 72 100
2 73 100
2 74 100
2 75 100
2 76 100
2 77 100
2 78 100
2 79 100
2 80 100
2 81 100
2 82 100
2 83 100
2 84 100
2 85 100
2 86 100
2 87 100
2 88 100
2 89 100
2 90 100
2 91 100
2 92 100
2 93 100
2 94 100
2 95 100
2 96 100
2 97 100
2 98 100
2 99 100
2 100 100
2 101 100
2 102 100
2 103 100
2 104 100
2 105 100
2 106 100
2 107 100
2 108 100
2 109 100
2 110 100
2 111 100
2 112 100
2 113 100
2 114 100
2 115 100
2 116 100
2 117 100
2 118 100
2 119 100
2 120 100
2 121 100
2 122 100
2 123 100
2 124 100
2 125 100
2 126 100
2 127 100
2 128 100
2 129 100
2 130 100
2 131 100
2 132 100
2 133 100
2 134 100
2 135 100
2 136 100
2 137 100
2 138 100
2 139 100
2 140 100
2 141 100
2 142 100
2 143 100
2 144 100
2 145 100
2 146 100
2 147 100
2 148 100
2 149 100
2 150 100
2 151 100
2 152 100
2 153 100
2 154 100
2 155 100
2 156 100
2 157 100
2 158 100
2 159 100
2 160 100
2 161 100
2 162 100
2 163 100
2 164 100
2 165 100
2 166 100
2 167 100
2 168 100
2 169 100
2 170 100
2 171 100
2 172 100
2 173 100
2 174 100
2 175 100
2 176 100
2 177 100
2 178 100
2 179 100
2 180 100
2 181 100
2 182 100
2 183 100
2 184 100
2 185 100
2 186 100
2 187 100
2 188 100
2 189 100
2 190 100
2 191 100
2 192 100
2 193 100
2 194 100
2 195 100
2 196 100
2 197 100
2 198 100
2 199 100
2 200 100
2 201 100
2 202 100
2 203 100
2 204 100
2 205 100
2 206 100
2 207 100
2 208 100
2 209 100
2 210 100
2 211 100
2 212 100
2 213 100
2 214 100
2 215 100
2 216 100
2 217 100
2 218 30
2 219 85
2 220 100
2 221 45
2 222 100
2 223 55
2 224 100
2 225 50
2 226 15
2 227 60
2 228 25
2 229 15
2 230 60
2 231 25
2 232 0
2 233 0
2 234 0
2 235 0
2 236 0
2 237 0
2 238 15
2 239 60
2 240 50
2 241 15
2 242 35
2 243 50
2 244 50
2 245 0
2 246 0
2 247 0
2 248 25
2 249 0
2 250 0
2 251 90
2 252 40
2 253 50
2 254 25
2 255 0
2 256 0
2 257 0
2 258 0
2 259 0
2 260 0
2 261 0
2 262 0
2 263 25
2 264 0
2 265 25
2 266 0
2 267 0
2 268 25
2 269 0
2 270 0
2 271 0
2 272 25
2 273 25
2 274 25
2 275 0
2 276 0
2 277 0
2 278 25
2 279 25
2 280 25
2 281 0
2 282 0
2 283 0
2 284 0
2 285 0
2 286 25
2 287 25
2 288 0
2 289 0
2 290 0
2 291 0
2 292 0
2 293 0
2 294 0
2 295 0
2 296 0
2 297 0
2 298 0
2 299 0
2 300 0
2 301 0
2 302 0
2 303 0
2 304 0
2 305 0
2 306 0
2 307 0
2 308 0
2 309 0
2 310 0
2 311 0
2 312 0
2 313 0
2 314 0
2 315 0
2 316 0
2 317 0
2 318 0
2 319 0
2 320 0
2 321 0
2 322 0
2 323 0
2 324 0
2 325 0
2 326 0
2 327 0
2 328 0
2 329 0
2 330 0
2 331 0
2 332 0
2 333 0
2 334 0
2 335 0
2 336 0
2 337 0
2 338 0
2 339 0
2 340 0
2 341 0
2 342 0
2 343 0
2 344 0
2 345 0
2 346 0
2 347 0
2 348 0
2 349 0
2 350 0
2 351 0
2 352 0
2 353 0
2 354 0
2 355 0
2 356 0
2 357 0
2 358 0
2 359 0
2 360 0
2 361 0
2 362 0
2 363 0
2 364 0
2 365 0
2 366 0
2 367 0
2 368 0
2 369 0
2 370 0
2 371 0
2 372 0
2 373 0
2 374 0
2 375 0
2 376 0
2 377 0
2 378 0
2 379 0
2 380 0
2 381 0
2 382 0
2 383 0
2 384 0
2 385 0
2 386 0
2 387 0
2 388 0
2 389 0
2 390 0
2 391 0
2 392 0
2 393 0
2 394 0
2 395 0
2 396 0
2 397 0
2 398 0
2 399 0
2 400 0
2 401 0
2 402 0
2 403 0
2 404 0
2 405 0
2 406 0
2 407 0
2 408 0
2 409 0
2 410 0
2 411 0
2 412 0
2 413 0
2 414 0
2 415 0
2 416 0
2 417 0
2 418 0
2 419 0
2 420 0
2 421 0
2 422 0
2 423 0
2 424 0
2 425 0
2 426 0
2 427 0
2 428 0
2 429 0
2 430 0
2 431 0
2 432 0
2 433 0
2 434 0
2 435 0
2 436 0
2 437 0
2 438 0
2 439 0
2 440 0
2 441 0
2 442 0
2 443 0
2 444 0
2 445 0
2 446 0
2 447 0
2 448 0
2 449 0
2 450 0
2 451 0
2 452 0
2 453 0
2 454 0
2 455 0
2 456 0
2 457 0
2 458 0
2 459 0
2 460 0
2 461 0
2 462 0
2 463 0
2 464 0
2 465 0
2 466 0
2 467 0
2 468 0
2 469 0
2 470 0
2 471 0
2 472 0
2 473 0
2 474 0
2 475 0
2 476 0
2 477 0
2 478 0
2 479 0
2 480 0
2 481 0
2 482 0
2 483 0
2 484 0
2 485 0
2 486 0
2 487 0
2 488 0
2 489 0
2 490 0
2 491 0
2 492 0
2 493 0
2 494 0
2 495 0
2 496 0
2 497 0
2 498 0
2 499 0
2 500 0
2 501 0
2 502 0
2 503 0
2 504 0
2 505 0
2 506 0
2 507 0
2 508 0
2 509 0
2 510 0
2 511 0
2 512 0
2 513 0
2 514 0
2 515 0
2 516 0
2 517 0
2 518 0
2 519 0
2 520 0
2 521 0
2 522 0
2 523 0
2 524 0
2 525 0
2 526 0
2 527 0
2 528 0
2 529 0
2 530 0
2 531 0
2 532 0
2 533 0
2 534 0
2 535 0
2 536 0
2 537 0
2 538 0
2 539 0
2 540 0
2 541 0
2 542 0
2 543 0
2 544 0
2 545 0
2 546 0
2 547 0
2 548 0
2 549 0
2 550 0
2 551 0
2 552 0
2 553 0
2 554 0
2 555 0
2 556 0
2 557 0
2 558 0
2 559 0
2 560 0
2 561 0
2 562 0
2 563 0
2 564 0
2 565 0
2 566 0
2 567 0
2 568 0
2 569 0
2 570 0
2 571 0
2 572 0
2 573 0
2 574 0
2 575 0
2 576 0
2 577 0
2 578 0
2 579 0
2 580 0
2 581 0
2 582 0
2 583 0
2 584 0
2 585 0
2 586 0
2 587 0
2 588 0
2 589 0
2 590 0
2 591 0
2 592 0
2 593 0
2 594 0
2 595 0
3 0 95
3 1 100
3 2 100
3 3 100
3 4 100
3 5 100
3 6 100
3 7 100
3 8 100
3 9 100
3 10 100
3 11 100
3 12 100
3 13 100
3 14 100
3 15 100
3 16 100
3 17 100
3 18 100
3 19 100
3 20 100
3 21 100
3 22 100
3 23 100
3 24 100
3 25 100
3 26 100
3 27 100
3 28 100
3 29 100
3 30 100
3 31 100
3 32 100
3 33 100
3 34 100
3 35 100
3 36 100
3 37 100
3 38 100
3 39 100
3 40 100
3 41 100
3 42 100
3 43 100
3 44 100
3 45 100
3 46 100
3 47 100
3 48 100
3 49 100
3 50 100
3 51 100
3 52 100
3 53 100
3 54 100
3 55 100
3 56 100
3 57 100
3 58 100
3 59 100
3 60 100
3 61 100
3 62 100
3 63 100
3 64 100
3 65 100
3 66 100
3 67 100
3 68 100
3 69 100
3 70 100
3 71 100
3 72 100
3 73 100
3 74 100
3 75 100
3 76 100
3 77 100
3 78 100
3 79 100
3 80 100
3 81 100
3 82 100
3 83 100
3 84 100
3 85 100
3 86 100
3 87 100
3 88 100
3 89 100
3 90 100
3 91 100
3 92 100
3 93 100
3 94 100
3 95 100
3 96 100
3 97 95
3 98 100
3 99 85
3 100 55
3 101 25
3 102 60
3 103 100
3 104 100
3 105 90
3 106 100
3 107 80
3 108 100
3 109 75
3 110 100
3 111 25
3 112 80
3 113 100
3 114 65
3 115 65
3 116 65
3 117 100
3 118 100
3 119 100
3 120 100
3 121 100
3 122 100
3 123 55
3 124 100
3 125 80
3 126 55
3 127 100
3 128 100
3 129 85
3 130 60
3 131 95
3 132 60
3 133 90
3 134 95
3 135 95
3 136 60
3 137 100
3 138 40
3 139 0
3 140 50
3 141 75
3 142 0
3 143 50
3 144 45
3 145 55
3 146 10
3 147 100
3 148 75
3 149 55
3 150 5
3 151 65
3 152 10
3 153 25
3 154 80
3 155 75
3 156 80
3 157 30
3 158 100
3 159 65
3 160 5
3 161 70
3 162 50
3 163 85
3 164 100
3 165 45
3 166 40
3 167 35
3 168 100
3 169 30
3 170 65
3 171 70
3 172 100
3 173 80
3 174 75
3 175 80
3 176 5
3 177 15
3 178 40
3 179 75
3 180 0
3 181 25
3 182 0
3 183 25
3 184 50
3 185 50
3 186 30
3 187 20
3 188 0
3 189 0
3 190 0
3 191 60
3 192 80
3 193 0
3 194 0
3 195 10
3 196 40
3 197 65
3 198 25
3 199 25
3 200 35
3 201 15
3 202 0
3 203 40
3 204 20
3 205 15
3 206 0
3 207 0
3 208 0
3 209 0
3 210 0
3 211 0
3 212 25
3 213 0
3 214 0
3 215 25
3 216 25
3 217 0
3 218 0
3 219 25
3 220 0
3 221 0
3 222 90
3 223 30
3 224 25
3 225 0
3 226 25
3 227 0
3 228 0
3 229 0
3 230 50
3 231 20
3 232 5
3 233 0
3 234 0
3 235 25
3 236 0
3 237 0
3 238 0
3 239 0
3 240 0
3 241 0
3 242 0
3 243 0
3 244 0
3 245 0
3 246 0
3 247 0
3 248 0
3 249 0
3 250 0
3 251 0
3 252 0
3 253 0
3 254 0
3 255 0
3 256 0
3 257 0
3 258 0
3 259 0
3 260 0
3 261 0
3 262 0
3 263 0
3 264 0
3 265 0
3 266 0
3 267 0
3 268 0
3 269 0
3 270 0
3 271 0
3 272 0
3 273 0
3 274 0
3 275 0
3 276 0
3 277 0
3 278 0
3 279 0
3 280 0
3 281 0
3 282 0
3 283 0
3 284 0
3 285 0
3 286 0
3 287 0
3 288 0
3 289 0
3 290 0
3 291 0
3 292 0
3 293 0
3 294 0
3 295 0
3 296 0
3 297 0
3 298 0
3 299 0
3 300 0
3 301 0
3 302 0
3 303 0
3 304 0
3 305 0
3 306 0
3 307 0
3 308 0
3 309 0
3 310 0
3 311 0
3 312 0
3 313 0
3 314 0
3 315 0
3 316 0
3 317 0
3 318 0
3 319 0
3 320 0
3 321 0
3 322 0
3 323 0
3 324 0
3 325 0
3 326 0
3 327 0
3 328 0
3 329 0
3 330 0
3 331 0
3 332 0
3 333 0
3 334 0
3 335 0
3 336 0
3 337 0
3 338 0
3 339 0
3 340 0
3 341 0
3 342 0
3 343 0
3 344 0
3 345 0
3 346 0
3 347 0
3 348 0
3 349 0
3 350 0
3 351 0
3 352 0
3 353 0
3 354 0
3 355 0
3 356 0
3 357 0
3 358 0
3 359 0
3 360 0
3 361 0
3 362 0
3 363 0
3 364 0
3 365 0
3 366 0
3 367 0
3 368 0
3 369 0
3 370 0
3 371 0
3 372 0
3 373 0
3 374 0
3 375 0
3 376 0
3 377 0
3 378 0
3 379 0
3 380 0
3 381 0
3 382 0
3 383 0
3 384 0
3 385 0
3 386 0
3 387 0
3 388 0
3 389 0
3 390 0
3 391 0
3 392 0
3 393 0
3 394 0
3 395 0
3 396 0
3 397 0
3 398 0
3 399 0
3 400 0
3 401 0
3 402 0
3 403 0
3 404 0
3 405 0
3 406 0
3 407 0
3 408 0
3 409 0
3 410 0
3 411 0
3 412 0
3 413 0
3 414 0
3 415 0
3 416 0
3 417 0
3 418 0
3 419 0
3 420 0
3 421 0
3 422 0
3 423 0
3 424 0
3 425 0
3 426 0
3 427 0
3 428 0
3 429 0
3 430 0
3 431 0
3 432 0
3 433 0
3 434 0
3 435 0
3 436 0
3 437 0
3 438 0
3 439 0
3 440 0
3 441 0
3 442 0
3 443 0
3 444 0
3 445 0
3 446 0
3 447 0
3 448 0
3 449 0
3 450 0
3 451 0
3 452 0
3 453 0
3 454 0
3 455 0
3 456 0
3 457 0
3 458 0
3 459 0
3 460 0
3 461 0
3 462 0
3 463 0
3 464 0
3 465 0
3 466 0
3 467 0
3 468 0
3 469 0
3 470 0
3 471 0
3 472 0
3 473 0
3 474 0
3 475 0
3 476 0
3 477 0
3 478 0
3 479 0
3 480 0
3 481 0
3 482 0
3 483 0
3 484 0
3 485 0
3 486 0
3 487 0
3 488 0
3 489 0
3 490 0
3 491 0
3 492 0
3 493 0
3 494 0
3 495 0
3 496 0
3 497 0
3 498 0
3 499 0
3 500 0
3 501 0
3 502 0
3 503 0
3 504 0
3 505 0
3 506 0
3 507 0
3 508 0
3 509 0
3 510 0
3 511 0
3 512 0
3 513 0
3 514 0
3 515 0
3 516 0
3 517 0
3 518 0
3 519 0
3 520 0
3 521 0
3 522 0
3 523 0
3 524 0
3 525 0
3 526 0
3 527 0
3 528 0
3 529 0
3 530 0
3 531 0
3 532 0
3 533 0
3 534 0
3 535 0
3 536 0
3 537 0
3 538 0
3 539 0
3 540 0
3 541 0
3 542 0
3 543 0
3 544 0
3 545 0
3 546 0
3 547 0
3 548 0
3 549 0
3 550 0
3 551 0
3 552 0
3 553 0
3 554 0
3 555 0
3 556 0
3 557 0
3 558 0
3 559 0
3 560 0
3 561 0
3 562 0
3 563 0
3 564 0
3 565 0
3 566 0
3 567 0
3 568 0
3 569 0
3 570 0
3 571 0
3 572 0
3 573 0
3 574 0
3 575 0
3 576 0
3 577 0
3 578 0
3 579 0
3 580 0
3 581 0
3 582 0
3 583 0
3 584 0
3 585 0
3 586 0
3 587 0
3 588 0
3 589 0
3 590 0
3 591 0
3 592 0
3 593 0
3 594 0
3 595 0
4 0 95
4 1 100
4 2 100
4 3 85
4 4 55
4 5 100
4 6 100
4 7 100
4 8 20
4 9 100
4 10 100
4 11 100
4 12 100
4 13 100
4 14 35
4 15 0
4 16 25
4 17 75
4 18 70
4 19 100
4 20 95
4 21 55
4 22 25
4 23 0
4 24 0
4 25 0
4 26 40
4 27 80
4 28 0
4 29 50
4 30 0
4 31 0
4 32 0
4 33 0
4 34 25
4 35 0
4 36 55
4 37 0
4 38 0
4 39 0
4 40 0
4 41 5
4 42 35
4 43 35
4 44 25
4 45 0
4 46 0
4 47 0
4 48 0
4 49 0
4 50 30
4 51 60
4 52 0
4 53 70
4 54 15
4 55 0
4 56 5
4 57 75
4 58 0
4 59 25
4 60 20
4 61 5
4 62 25
4 63 0
4 64 0
4 65 25
4 66 25
4 67 0
4 68 0
4 69 0
4 70 0
4 71 0
4 72 0
4 73 0
4 74 0
4 75 0
4 76 0
4 77 0
4 78 25
4 79 0
4 80 0
4 81 0
4 82 25
4 83 0
4 84 0
4 85 0
4 86 0
4 87 0
4 88 0
4 89 0
4 90 0
4 91 0
4 92 0
4 93 0
4 94 0
4 95 0
4 96 0
4 97 0
4 98 0
4 99 0
4 100 0
4 101 0
4 102 25
4 103 0
4 104 0
4 105 25
4 106 0
4 107 25
4 108 0
4 109 25
4 110 25
4 111 0
4 112 0
4 113 0
4 114 0
4 115 0
4 116 0
4 117 0
4 118 0
4 119 0
4 120 0
4 121 0
4 122 0
4 123 0
4 124 0
4 125 0
4 126 0
4 127 0
4 128 0
4 129 0
4 130 0
4 131 0
4 132 0
4 133 0
4 134 0
4 135 0
4 136 0
4 137 0
4 138 0
4 139 0
4 140 0
4 141 0
4 142 0
4 143 0
4 144 0
4 145 0
4 146 0
4 147 0
4 148 0
4 149 0
4 150 0
4 151 0
4 152 0
4 153 0
4 154 0
4 155 0
4 156 0
4 157 0
4 158 0
4 159 0
4 160 0
4 161 0
4 162 0
4 163 0
4 164 0
4 165 0
4 166 0
4 167 0
4 168 0
4 169 0
4 170 0
4 171 0
4 172 0
4 173 0
4 174 0
4 175 0
4 176 0
4 177 0
4 178 0
4 179 0
4 180 0
4 181 0
4 182 0
4 183 0
4 184 0
4 185 0
4 186 0
4 187 0
4 188 0
4 189 0
4 190 0
4 191 0
4 192 0
4 193 0
4 194 0
4 195 0
4 196 0
4 197 0
4 198 0
4 199 0
4 200 0
4 201 0
4 202 0
4 203 0
4 204 0
4 205 0
4 206 0
4 207 0
4 208 0
4 209 0
4 210 0
4 211 0
4 212 0
4 213 0
4 214 0
4 215 0
4 216 0
4 217 0
4 218 0
4 219 0
4 220 0
4 221 0
4 222 0
4 223 0
4 224 0
4 225 0
4 226 0
4 227 0
4 228 0
4 229 0
4 230 0
4 231 0
4 232 0
4 233 0
4 234 0
4 235 0
4 236 0
4 237 0
4 238 0
4 239 0
4 240 0
4 241 0
4 242 0
4 243 0
4 244 0
4 245 0
4 246 0
4 247 0
4 248 0
4 249 0
4 250 0
4 251 0
4 252 0
4 253 0
4 254 0
4 255 0
4 256 0
4 257 0
4 258 0
4 259 0
4 260 0
4 261 0
4 262 0
4 263 0
4 264 0
4 265 0
4 266 0
4 267 0
4 268 0
4 269 0
4 270 0
4 271 0
4 272 0
4 273 0
4 274 0
4 275 0
4 276 0
4 277 0
4 278 0
4 279 0
4 280 0
4 281 0
4 282 0
4 283 0
4 284 0
4 285 0
4 286 0
4 287 0
4 288 0
4 289 0
4 290 0
4 291 0
4 292 0
4 293 0
4 294 0
4 295 0
4 296 0
4 297 0
4 298 0
4 299 0
4 300 0
4 301 0
4 302 0
4 303 0
4 304 0
4 305 0
4 306 0
4 307 0
4 308 0
4 309 0
4 310 0
4 311 0
4 312 0
4 313 0
4 314 0
4 315 0
4 316 0
4 317 0
4 318 0
4 319 0
4 320 0
4 321 0
4 322 0
4 323 0
4 324 0
4 325 0
4 326 0
4 327 0
4 328 0
4 329 0
4 330 0
4 331 0
4 332 0
4 333 0
4 334 0
4 335 0
4 336 0
4 337 0
4 338 0
4 339 0
4 340 0
4 341 0
4 342 0
4 343 0
4 344 0
4 345 0
4 346 0
4 347 0
4 348 0
4 349 0
4 350 0
4 351 0
4 352 0
4 353 0
4 354 0
4 355 0
4 356 0
4 357 0
4 358 0
4 359 0
4 360 0
4 361 0
4 362 0
4 363 0
4 364 0
4 365 0
4 366 0
4 367 0
4 368 0
4 369 0
4 370 0
4 371 0
4 372 0
4 373 0
4 374 0
4 375 0
4 376 0
4 377 0
4 378 0
4 379 0
4 380 0
4 381 0
4 382 0
4 383 0
4 384 0
4 385 0
4 386 0
4 387 0
4 388 0
4 389 0
4 390 0
4 391 0
4 392 0
4 393 0
4 394 0
4 395 0
4 396 0
4 397 0
4 398 0
4 399 0
4 400 0
4 401 0
4 402 0
4 403 0
4 404 0
4 405 0
4 406 0
4 407 0
4 408 0
4 409 0
4 410 0
4 411 0
4 412 0
4 413 0
4 414 0
4 415 0
4 416 0
4 417 0
4 418 0
4 419 0
4 420 0
4 421 0
4 422 0
4 423 0
4 424 0
4 425 0
4 426 0
4 427 0
4 428 0
4 429 0
4 430 0
4 431 0
4 432 0
4 433 0
4 434 0
4 435 0
4 436 0
4 437 0
4 438 0
4 439 0
4 440 0
4 441 0
4 442 0
4 443 0
4 444 0
4 445 0
4 446 0
4 447 0
4 448 0
4 449 0
4 450 0
4 451 0
4 452 0
4 453 0
4 454 0
4 455 0
4 456 0
4 457 0
4 458 0
4 459 0
4 460 0
4 461 0
4 462 0
4 463 0
4 464 0
4 465 0
4 466 0
4 467 0
4 468 0
4 469 0
4 470 0
4 471 0
4 472 0
4 473 0
4 474 0
4 475 0
4 476 0
4 477 0
4 478 0
4 479 0
4 480 0
4 481 0
4 482 0
4 483 0
4 484 0
4 485 0
4 486 0
4 487 0
4 488 0
4 489 0
4 490 0
4 491 0
4 492 0
4 493 0
4 494 0
4 495 0
4 496 0
4 497 0
4 498 0
4 499 0
4 500 0
4 501 0
4 502 0
4 503 0
4 504 0
4 505 0
4 506 0
4 507 0
4 508 0
4 509 0
4 510 0
4 511 0
4 512 0
4 513 0
4 514 0
4 515 0
4 516 0
4 517 0
4 518 0
4 519 0
4 520 0
4 521 0
4 522 0
4 523 0
4 524 0
4 525 0
4 526 0
4 527 0
4 528 0
4 529 0
4 530 0
4 531 0
4 532 0
4 533 0
4 534 0
4 535 0
4 536 0
4 537 0
4 538 0
4 539 0
4 540 0
4 541 0
4 542 0
4 543 0
4 544 0
4 545 0
4 546 0
4 547 0
4 548 0
4 549 0
4 550 0
4 551 0
4 552 0
4 553 0
4 554 0
4 555 0
4 556 0
4 557 0
4 558 0
4 559 0
4 560 0
4 561 0
4 562 0
4 563 0
4 564 0
4 565 0
4 566 0
4 567 0
4 568 0
4 569 0
4 570 0
4 571 0
4 572 0
4 573 0
4 574 0
4 575 0
4 576 0
4 577 0
4 578 0
4 579 0
4 580 0
4 581 0
4 582 0
4 583 0
4 584 0
4 585 0
4 586 0
4 587 0
4 588 0
4 589 0
4 590 0
4 591 0
4 592 0
4 593 0
4 594 0
4 595 0
5 0 65
5 1 100
5 2 100
5 3 100
5 4 100
5 5 100
5 6 100
5 7 100
5 8 100
5 9 100
5 10 100
5 11 100
5 12 100
5 13 100
5 14 100
5 15 100
5 16 100
5 17 100
5 18 100
5 19 100
5 20 100
5 21 100
5 22 100
5 23 100
5 24 100
5 25 100
5 26 100
5 27 100
5 28 100
5 29 100
5 30 100
5 31 100
5 32 100
5 33 100
5 34 100
5 35 100
5 36 100
5 37 100
5 38 100
5 39 100
5 40 100
5 41 100
5 42 100
5 43 100
5 44 100
5 45 100
5 46 100
5 47 100
5 48 100
5 49 100
5 50 100
5 51 100
5 52 100
5 53 100
5 54 100
5 55 100
5 56 100
5 57 100
5 58 100
5 59 100
5 60 100
5 61 100
5 62 100
5 63 100
5 64 100
5 65 100
5 66 100
5 67 100
5 68 100
5 69 100
5 70 100
5 71 100
5 72 100
5 73 100
5 74 100
5 75 100
5 76 100
5 77 100
5 78 100
5 79 100
5 80 100
5 81 100
5 82 100
5 83 100
5 84 100
5 85 100
5 86 100
5 87 100
5 88 100
5 89 100
5 90 100
5 91 100
5 92 100
5 93 100
5 94 100
5 95 100
5 96 100
5 97 100
5 98 100
5 99 100
5 100 100
5 101 100
5 102 100
5 103 100
5 104 100
5 105 100
5 106 100
5 107 100
5 108 100
5 109 100
5 110 100
5 111 100
5 112 100
5 113 100
5 114 100
5 115 100
5 116 100
5 117 100
5 118 100
5 119 100
5 120 100
5 121 100
5 122 100
5 123 100
5 124 100
5 125 100
5 126 100
5 127 100
5 128 100
5 129 100
5 130 100
5 131 100
5 132 100
5 133 100
5 134 100
5 135 100
5 136 100
5 137 100
5 138 100
5 139 100
5 140 100
5 141 100
5 142 100
5 143 100
5 144 100
5 145 100
5 146 100
5 147 100
5 148 100
5 149 100
5 150 100
5 151 100
5 152 100
5 153 100
5 154 100
5 155 100
5 156 100
5 157 100
5 158 100
5 159 100
5 160 100
5 161 100
5 162 100
5 163 100
5 164 100
5 165 100
5 166 100
5 167 100
5 168 100
5 169 100
5 170 100
5 171 100
5 172 100
5 173 100
5 174 100
5 175 100
5 176 100
5 177 100
5 178 100
5 179 100
5 180 100
5 181 100
5 182 100
5 183 100
5 184 100
5 185 100
5 186 100
5 187 100
5 188 100
5 189 100
5 190 100
5 191 100
5 192 100
5 193 100
5 194 100
5 195 100
5 196 100
5 197 100
5 198 100
5 199 100
5 200 100
5 201 100
5 202 100
5 203 100
5 204 100
5 205 100
5 206 100
5 207 100
5 208 100
5 209 100
5 210 100
5 211 100
5 212 100
5 213 100
5 214 100
5 215 100
5 216 100
5 217 100
5 218 100
5 219 100
5 220 100
5 221 100
5 222 100
5 223 100
5 224 100
5 225 100
5 226 100
5 227 100
5 228 100
5 229 100
5 230 100
5 231 100
5 232 100
5 233 100
5 234 100
5 235 100
5 236 100
5 237 100
5 238 100
5 239 100
5 240 100
5 241 100
5 242 100
5 243 100
5 244 100
5 245 100
5 246 100
5 247 100
5 248 100
5 249 100
5 250 100
5 251 100
5 252 100
5 253 100
5 254 100
5 255 100
5 256 100
5 257 100
5 258 100
5 259 100
5 260 100
5 261 100
5 262 100
5 263 100
5 264 100
5 265 100
5 266 100
5 267 100
5 268 100
5 269 100
5 270 100
5 271 100
5 272 100
5 273 100
5 274 100
5 275 100
5 276 100
5 277 100
5 278 100
5 279 100
5 280 100
5 281 100
5 282 100
5 283 100
5 284 100
5 285 100
5 286 100
5 287 100
5 288 100
5 289 100
5 290 100
5 291 100
5 292 100
5 293 100
5 294 100
5 295 100
5 296 100
5 297 100
5 298 100
5 299 100
5 300 100
5 301 100
5 302 100
5 303 100
5 304 100
5 305 100
5 306 100
5 307 100
5 308 100
5 309 100
5 310 100
5 311 100
5 312 100
5 313 90
5 314 45
5 315 30
5 316 0
5 317 85
5 318 85
5 319 25
5 320 50
5 321 0
5 322 55
5 323 60
5 324 25
5 325 0
5 326 85
5 327 75
5 328 0
5 329 70
5 330 70
5 331 100
5 332 100
5 333 100
5 334 100
5 335 100
5 336 100
5 337 95
5 338 25
5 339 50
5 340 10
5 341 100
5 342 45
5 343 25
5 344 50
5 345 30
5 346 85
5 347 25
5 348 65
5 349 100
5 350 95
5 351 75
5 352 95
5 353 55
5 354 65
5 355 25
5 356 25
5 357 60
5 358 20
5 359 0
5 360 25
5 361 85
5 362 100
5 363 95
5 364 80
5 365 10
5 366 25
5 367 25
5 368 50
5 369 25
5 370 55
5 371 60
5 372 0
5 373 50
5 374 90
5 375 70
5 376 70
5 377 25
5 378 25
5 379 0
5 380 50
5 381 50
5 382 90
5 383 25
5 384 75
5 385 0
5 386 25
5 387 45
5 388 40
5 389 15
5 390 45
5 391 35
5 392 55
5 393 45
5 394 65
5 395 25
5 396 50
5 397 100
5 398 75
5 399 65
5 400 45
5 401 50
5 402 0
5 403 25
5 404 0
5 405 25
5 406 25
5 407 0
5 408 0
5 409 0
5 410 25
5 411 15
5 412 10
5 413 0
5 414 25
5 415 25
5 416 0
5 417 25
5 418 0
5 419 0
5 420 55
5 421 80
5 422 10
5 423 25
5 424 25
5 425 5
5 426 20
5 427 0
5 428 0
5 429 0
5 430 0
5 431 0
5 432 85
5 433 5
5 434 5
5 435 100
5 436 5
5 437 50
5 438 0
5 439 25
5 440 5
5 441 45
5 442 0
5 443 0
5 444 0
5 445 25
5 446 0
5 447 0
5 448 0
5 449 25
5 450 0
5 451 0
5 452 0
5 453 25
5 454 0
5 455 25
5 456 25
5 457 0
5 458 0
5 459 0
5 460 0
5 461 25
5 462 0
5 463 0
5 464 20
5 465 5
5 466 0
5 467 0
5 468 0
5 469 0
5 470 0
5 471 20
5 472 45
5 473 25
5 474 0
5 475 25
5 476 0
5 477 0
5 478 0
5 479 25
5 480 0
5 481 0
5 482 0
5 483 0
5 484 0
5 485 0
5 486 5
5 487 80
5 488 70
5 489 25
5 490 0
5 491 70
5 492 55
5 493 5
5 494 25
5 495 0
5 496 60
5 497 20
5 498 25
5 499 20
5 500 5
5 501 25
5 502 25
5 503 10
5 504 15
5 505 0
5 506 25
5 507 0
5 508 0
5 509 0
5 510 25
5 511 0
5 512 25
5 513 25
5 514 0
5 515 10
5 516 20
5 517 20
5 518 0
5 519 0
5 520 0
5 521 0
5 522 0
5 523 5
5 524 45
5 525 50
5 526 0
5 527 0
5 528 25
5 529 25
5 530 25
5 531 0
5 532 0
5 533 0
5 534 20
5 535 70
5 536 25
5 537 25
5 538 0
5 539 25
5 540 0
5 541 0
5 542 0
5 543 0
5 544 0
5 545 0
5 546 25
5 547 0
5 548 0
5 549 25
5 550 0
5 551 40
5 552 15
5 553 0
5 554 25
5 555 25
5 556 0
5 557 25
5 558 25
5 559 0
5 560 0
5 561 0
5 562 0
5 563 0
5 564 0
5 565 0
5 566 80
5 567 0
5 568 50
5 569 0
5 570 0
5 571 25
5 572 0
5 573 0
5 574 0
5 575 0
5 576 25
5 577 0
5 578 25
5 579 0
5 580 0
5 581 0
5 582 50
5 583 40
5 584 0
5 585 0
5 586 25
5 587 0
5 588 15
5 589 35
5 590 0
5 591 20
5 592 30
5 593 0
5 594 25
5 595 0
6 0 75
6 1 100
6 2 100
6 3 100
6 4 100
6 5 100
6 6 100
6 7 100
6 8 100
6 9 100
6 10 100
6 11 100
6 12 100
6 13 100
6 14 100
6 15 100
6 16 100
6 17 100
6 18 100
6 19 100
6 20 100
6 21 100
6 22 100
6 23 100
6 24 100
6 25 100
6 26 100
6 27 100
6 28 100
6 29 100
6 30 100
6 31 100
6 32 100
6 33 100
6 34 100
6 35 100
6 36 100
6 37 100
6 38 100
6 39 100
6 40 100
6 41 100
6 42 100
6 43 100
6 44 100
6 45 100
6 46 100
6 47 100
6 48 100
6 49 100
6 50 100
6 51 100
6 52 100
6 53 100
6 54 100
6 55 100
6 56 100
6 57 100
6 58 100
6 59 100
6 60 100
6 61 100
6 62 100
6 63 100
6 64 100
6 65 100
6 66 100
6 67 100
6 68 100
6 69 100
6 70 100
6 71 100
6 72 100
6 73 100
6 74 100
6 75 100
6 76 100
6 77 100
6 78 100
6 79 100
6 80 100
6 81 100
6 82 100
6 83 100
6 84 100
6 85 100
6 86 100
6 87 100
6 88 100
6 89 100
6 90 100
6 91 100
6 92 100
6 93 100
6 94 100
6 95 100
6 96 100
6 97 100
6 98 100
6 99 100
6 100 100
6 101 100
6 102 100
6 103 100
6 104 100
6 105 100
6 106 100
6 107 100
6 108 100
6 109 100
6 110 100
6 111 100
6 112 100
6 113 100
6 114 100
6 115 100
6 116 100
6 117 100
6 118 100
6 119 100
6 120 100
6 121 100
6 122 100
6 123 100
6 124 100
6 125 100
6 126 100
6 127 100
6 128 100
6 129 100
6 130 100
6 131 100
6 132 100
6 133 100
6 134 100
6 135 100
6 136 100
6 137 100
6 138 100
6 139 100
6 140 100
6 141 100
6 142 100
6 143 100
6 144 100
6 145 100
6 146 100
6 147 100
6 148 100
6 149 100
6 150 100
6 151 100
6 152 100
6 153 100
6 154 100
6 155 100
6 156 100
6 157 100
6 158 100
6 159 100
6 160 100
6 161 100
6 162 100
6 163 100
6 164 100
6 165 100
6 166 100
6 167 100
6 168 100
6 169 100
6 170 100
6 171 100
6 172 100
6 173 100
6 174 100
6 175 100
6 176 100
6 177 100
6 178 100
6 179 100
6 180 100
6 181 100
6 182 100
6 183 100
6 184 100
6 185 100
6 186 85
6 187 55
6 188 100
6 189 100
6 190 100
6 191 100
6 192 100
6 193 95
6 194 90
6 195 100
6 196 100
6 197 100
6 198 100
6 199 100
6 200 100
6 201 100
6 202 100
6 203 95
6 204 90
6 205 70
6 206 95
6 207 100
6 208 85
6 209 30
6 210 100
6 211 100
6 212 100
6 213 100
6 214 100
6 215 100
6 216 100
6 217 100
6 218 75
6 219 70
6 220 60
6 221 100
6 222 100
6 223 70
6 224 35
6 225 65
6 226 100
6 227 100
6 228 100
6 229 100
6 230 85
6 231 100
6 232 100
6 233 100
6 234 100
6 235 45
6 236 100
6 237 25
6 238 75
6 239 75
6 240 70
6 241 100
6 242 100
6 243 100
6 244 100
6 245 100
6 246 95
6 247 90
6 248 75
6 249 100
6 250 85
6 251 55
6 252 55
6 253 100
6 254 45
6 255 30
6 256 100
6 257 100
6 258 100
6 259 100
6 260 70
6 261 85
6 262 100
6 263 85
6 264 50
6 265 100
6 266 25
6 267 95
6 268 95
6 269 0
6 270 100
6 271 100
6 272 60
6 273 55
6 274 40
6 275 70
6 276 70
6 277 50
6 278 65
6 279 50
6 280 90
6 281 80
6 282 100
6 283 95
6 284 75
6 285 85
6 286 100
6 287 75
6 288 95
6 289 85
6 290 90
6 291 100
6 292 100
6 293 100
6 294 45
6 295 30
6 296 100
6 297 15
6 298 60
6 299 95
6 300 80
6 301 100
6 302 55
6 303 20
6 304 65
6 305 100
6 306 100
6 307 95
6 308 65
6 309 60
6 310 15
6 311 25
6 312 65
6 313 60
6 314 0
6 315 25
6 316 50
6 317 85
6 318 25
6 319 85
6 320 25
6 321 25
6 322 70
6 323 45
6 324 35
6 325 35
6 326 100
6 327 60
6 328 60
6 329 60
6 330 95
6 331 100
6 332 100
6 333 100
6 334 100
6 335 95
6 336 0
6 337 70
6 338 45
6 339 50
6 340 35
6 341 15
6 342 0
6 343 25
6 344 10
6 345 65
6 346 25
6 347 0
6 348 25
6 349 95
6 350 100
6 351 95
6 352 90
6 353 20
6 354 50
6 355 25
6 356 0
6 357 45
6 358 30
6 359 0
6 360 30
6 361 60
6 362 25
6 363 65
6 364 100
6 365 10
6 366 0
6 367 30
6 368 85
6 369 25
6 370 45
6 371 90
6 372 0
6 373 25
6 374 75
6 375 25
6 376 25
6 377 0
6 378 25
6 379 0
6 380 100
6 381 100
6 382 70
6 383 65
6 384 45
6 385 25
6 386 0
6 387 20
6 388 80
6 389 15
6 390 5
6 391 60
6 392 50
6 393 0
6 394 0
6 395 85
6 396 70
6 397 70
6 398 45
6 399 60
6 400 100
6 401 5
6 402 0
6 403 0
6 404 0
6 405 25
6 406 25
6 407 25
6 408 0
6 409 0
6 410 50
6 411 15
6 412 10
6 413 25
6 414 15
6 415 40
6 416 65
6 417 25
6 418 25
6 419 0
6 420 90
6 421 25
6 422 25
6 423 25
6 424 25
6 425 25
6 426 0
6 427 0
6 428 25
6 429 0
6 430 0
6 431 0
6 432 50
6 433 0
6 434 0
6 435 95
6 436 55
6 437 0
6 438 0
6 439 25
6 440 0
6 441 0
6 442 30
6 443 20
6 444 0
6 445 25
6 446 0
6 447 0
6 448 0
6 449 0
6 450 0
6 451 40
6 452 10
6 453 25
6 454 0
6 455 25
6 456 0
6 457 0
6 458 25
6 459 0
6 460 0
6 461 25
6 462 0
6 463 0
6 464 0
6 465 0
6 466 0
6 467 0
6 468 0
6 469 0
6 470 0
6 471 20
6 472 5
6 473 0
6 474 25
6 475 0
6 476 0
6 477 0
6 478 65
6 479 0
6 480 0
6 481 0
6 482 25
6 483 0
6 484 0
6 485 0
6 486 25
6 487 45
6 488 80
6 489 10
6 490 0
6 491 70
6 492 35
6 493 0
6 494 90
6 495 25
6 496 40
6 497 35
6 498 25
6 499 20
6 500 5
6 501 0
6 502 85
6 503 40
6 504 20
6 505 20
6 506 25
6 507 0
6 508 0
6 509 0
6 510 0
6 511 0
6 512 70
6 513 20
6 514 25
6 515 10
6 516 15
6 517 25
6 518 0
6 519 0
6 520 0
6 521 0
6 522 0
6 523 5
6 524 20
6 525 80
6 526 10
6 527 0
6 528 0
6 529 25
6 530 25
6 531 25
6 532 0
6 533 0
6 534 20
6 535 5
6 536 0
6 537 25
6 538 0
6 539 0
6 540 0
6 541 25
6 542 0
6 543 0
6 544 0
6 545 0
6 546 25
6 547 0
6 548 0
6 549 0
6 550 25
6 551 40
6 552 50
6 553 0
6 554 25
6 555 0
6 556 25
6 557 0
6 558 25
6 559 15
6 560 15
6 561 20
6 562 0
6 563 0
6 564 0
6 565 0
6 566 90
6 567 0
6 568 0
6 569 0
6 570 0
6 571 0
6 572 25
6 573 0
6 574 0
6 575 0
6 576 25
6 577 0
6 578 25
6 579 0
6 580 0
6 581 0
6 582 25
6 583 0
6 584 0
6 585 0
6 586 25
6 587 0
6 588 0
6 589 50
6 590 40
6 591 0
6 592 25
6 593 0
6 594 25
6 595 0
7 0 55
7 1 100
7 2 100
7 3 100
7 4 100
7 5 100
7 6 100
7 7 100
7 8 100
7 9 100
7 10 100
7 11 100
7 12 100
7 13 100
7 14 100
7 15 100
7 16 100
7 17 100
7 18 100
7 19 100
7 20 100
7 21 100
7 22 100
7 23 100
7 24 100
7 25 100
7 26 100
7 27 100
7 28 100
7 29 100
7 30 100
7 31 100
7 32 100
7 33 100
7 34 100
7 35 100
7 36 100
7 37 100
7 38 100
7 39 100
7 40 100
7 41 100
7 42 100
7 43 100
7 44 100
7 45 100
7 46 100
7 47 100
7 48 100
7 49 100
7 50 100
7 51 100
7 52 100
7 53 100
7 54 100
7 55 100
7 56 100
7 57 100
7 58 100
7 59 100
7 60 100
7 61 100
7 62 100
7 63 100
7 64 100
7 65 100
7 66 100
7 67 100
7 68 100
7 69 100
7 70 100
7 71 100
7 72 100
7 73 100
7 74 100
7 75 100
7 76 100
7 77 100
7 78 100
7 79 100
7 80 100
7 81 100
7 82 100
7 83 100
7 84 100
7 85 100
7 86 100
7 87 100
7 88 100
7 89 100
7 90 100
7 91 100
7 92 100
7 93 100
7 94 100
7 95 100
7 96 100
7 97 100
7 98 100
7 99 100
7 100 100
7 101 100
7 102 100
7 103 100
7 104 100
7 105 100
7 106 100
7 107 100
7 108 100
7 109 100
7 110 100
7 111 100
7 112 100
7 113 100
7 114 100
7 115 100
7 116 100
7 117 100
7 118 100
7 119 100
7 120 100
7 121 100
7 122 100
7 123 100
7 124 100
7 125 100
7 126 100
7 127 100
7 128 100
7 129 100
7 130 100
7 131 100
7 132 100
7 133 100
7 134 100
7 135 100
7 136 100
7 137 100
7 138 100
7 139 100
7 140 100
7 141 100
7 142 100
7 143 100
7 144 100
7 145 100
7 146 100
7 147 100
7 148 100
7 149 100
7 150 100
7 151 100
7 152 100
7 153 100
7 154 100
7 155 100
7 156 100
7 157 100
7 158 100
7 159 100
7 160 100
7 161 100
7 162 100
7 163 100
7 164 100
7 165 100
7 166 100
7 167 100
7 168 100
7 169 100
7 170 100
7 171 100
7 172 100
7 173 100
7 174 100
7 175 100
7 176 100
7 177 100
7 178 100
7 179 100
7 180 100
7 181 100
7 182 100
7 183 100
7 184 100
7 185 100
7 186 100
7 187 100
7 188 100
7 189 100
7 190 100
7 191 100
7 192 100
7 193 100
7 194 100
7 195 100
7 196 100
7 197 100
7 198 100
7 199 100
7 200 100
7 201 100
7 202 100
7 203 100
7 204 100
7 205 100
7 206 100
7 207 100
7 208 100
7 209 100
7 210 100
7 211 100
7 212 100
7 213 100
7 214 100
7 215 100
7 216 100
7 217 100
7 218 100
7 219 100
7 220 100
7 221 100
7 222 100
7 223 100
7 224 100
7 225 100
7 226 100
7 227 100
7 228 100
7 229 100
7 230 100
7 231 100
7 232 100
7 233 100
7 234 100
7 235 100
7 236 100
7 237 100
7 238 100
7 239 100
7 240 100
7 241 100
7 242 100
7 243 100
7 244 100
7 245 100
7 246 100
7 247 100
7 248 100
7 249 100
7 250 100
7 251 100
7 252 100
7 253 100
7 254 100
7 255 100
7 256 100
7 257 100
7 258 100
7 259 100
7 260 100
7 261 100
7 262 100
7 263 100
7 264 100
7 265 100
7 266 100
7 267 100
7 268 100
7 269 100
7 270 100
7 271 100
7 272 100
7 273 100
7 274 100
7 275 100
7 276 100
7 277 100
7 278 100
7 279 100
7 280 100
7 281 100
7 282 100
7 283 100
7 284 100
7 285 100
7 286 100
7 287 100
7 288 100
7 289 100
7 290 100
7 291 100
7 292 100
7 293 100
7 294 100
7 295 100
7 296 100
7 297 100
7 298 100
7 299 100
7 300 100
7 301 100
7 302 100
7 303 100
7 304 100
7 305 100
7 306 100
7 307 100
7 308 100
7 309 100
7 310 100
7 311 100
7 312 100
7 313 100
7 314 100
7 315 100
7 316 100
7 317 100
7 318 100
7 319 100
7 320 100
7 321 100
7 322 100
7 323 100
7 324 100
7 325 100
7 326 100
7 327 100
7 328 100
7 329 100
7 330 100
7 331 100
7 332 100
7 333 100
7 334 100
7 335 100
7 336 100
7 337 100
7 338 100
7 339 100
7 340 100
7 341 100
7 342 100
7 343 100
7 344 100
7 345 100
7 346 100
7 347 100
7 348 100
7 349 100
7 350 100
7 351 100
7 352 100
7 353 100
7 354 100
7 355 100
7 356 100
7 357 100
7 358 100
7 359 100
7 360 100
7 361 100
7 362 100
7 363 100
7 364 100
7 365 100
7 366 100
7 367 100
7 368 100
7 369 100
7 370 100
7 371 100
7 372 100
7 373 100
7 374 100
7 375 100
7 376 100
7 377 100
7 378 100
7 379 100
7 380 100
7 381 100
7 382 100
7 383 100
7 384 100
7 385 100
7 386 100
7 387 100
7 388 100
7 389 100
7 390 100
7 391 100
7 392 100
7 393 100
7 394 100
7 395 100
7 396 100
7 397 100
7 398 100
7 399 100
7 400 100
7 401 100
7 402 100
7 403 100
7 404 60
7 405 20
7 406 85
7 407 25
7 408 25
7 409 0
7 410 25
7 411 0
7 412 0
7 413 75
7 414 80
7 415 100
7 416 25
7 417 0
7 418 55
7 419 85
7 420 25
7 421 25
7 422 35
7 423 80
7 424 20
7 425 85
7 426 20
7 427 0
7 428 25
7 429 0
7 430 0
7 431 5
7 432 70
7 433 0
7 434 15
7 435 100
7 436 100
7 437 100
7 438 45
7 439 0
7 440 30
7 441 70
7 442 50
7 443 30
7 444 10
7 445 90
7 446 0
7 447 20
7 448 5
7 449 50
7 450 0
7 451 40
7 452 35
7 453 0
7 454 25
7 455 25
7 456 25
7 457 0
7 458 25
7 459 0
7 460 25
7 461 0
7 462 0
7 463 0
7 464 35
7 465 55
7 466 0
7 467 0
7 468 25
7 469 0
7 470 0
7 471 0
7 472 0
7 473 25
7 474 25
7 475 25
7 476 0
7 477 0
7 478 40
7 479 100
7 480 30
7 481 0
7 482 50
7 483 0
7 484 0
7 485 25
7 486 25
7 487 90
7 488 80
7 489 0
7 490 0
7 491 50
7 492 60
7 493 80
7 494 50
7 495 20
7 496 85
7 497 55
7 498 10
7 499 60
7 500 45
7 501 25
7 502 30
7 503 70
7 504 20
7 505 70
7 506 0
7 507 25
7 508 0
7 509 0
7 510 25
7 511 0
7 512 25
7 513 50
7 514 25
7 515 25
7 516 30
7 517 45
7 518 0
7 519 0
7 520 0
7 521 0
7 522 0
7 523 25
7 524 65
7 525 100
7 526 15
7 527 0
7 528 25
7 529 85
7 530 55
7 531 100
7 532 30
7 533 0
7 534 55
7 535 20
7 536 65
7 537 50
7 538 0
7 539 25
7 540 0
7 541 25
7 542 0
7 543 0
7 544 0
7 545 25
7 546 0
7 547 0
7 548 20
7 549 30
7 550 50
7 551 20
7 552 5
7 553 20
7 554 20
7 555 35
7 556 50
7 557 90
7 558 75
7 559 30
7 560 65
7 561 20
7 562 0
7 563 0
7 564 25
7 565 0
7 566 15
7 567 10
7 568 85
7 569 30
7 570 25
7 571 25
7 572 25
7 573 25
7 574 0
7 575 0
7 576 0
7 577 0
7 578 80
7 579 0
7 580 0
7 581 0
7 582 25
7 583 0
7 584 0
7 585 0
7 586 0
7 587 0
7 588 40
7 589 35
7 590 0
7 591 20
7 592 70
7 593 55
7 594 0
7 595 0
8 0 20
8 1 100
8 2 100
8 3 100
8 4 100
8 5 100
8 6 100
8 7 100
8 8 100
8 9 100
8 10 100
8 11 100
8 12 100
8 13 100
8 14 100
8 15 100
8 16 100
8 17 100
8 18 100
8 19 100
8 20 100
8 21 100
8 22 100
8 23 100
8 24 100
8 25 100
8 26 100
8 27 100
8 28 100
8 29 100
8 30 100
8 31 100
8 32 100
8 33 100
8 34 100
8 35 100
8 36 100
8 37 100
8 38 100
8 39 100
8 40 100
8 41 100
8 42 100
8 43 100
8 44 100
8 45 100
8 46 100
8 47 100
8 48 100
8 49 100
8 50 100
8 51 100
8 52 100
8 53 100
8 54 100
8 55 100
8 56 100
8 57 100
8 58 100
8 59 100
8 60 100
8 61 100
8 62 100
8 63 100
8 64 100
8 65 100
8 66 100
8 67 100
8 68 100
8 69 100
8 70 100
8 71 100
8 72 100
8 73 100
8 74 100
8 75 100
8 76 100
8 77 100
8 78 100
8 79 100
8 80 100
8 81 100
8 82 100
8 83 100
8 84 100
8 85 100
8 86 100
8 87 100
8 88 100
8 89 100
8 90 100
8 91 100
8 92 100
8 93 100
8 94 100
8 95 100
8 96 100
8 97 100
8 98 100
8 99 100
8 100 100
8 101 100
8 102 100
8 103 100
8 104 100
8 105 100
8 106 100
8 107 100
8 108 100
8 109 100
8 110 100
8 111 100
8 112 100
8 113 100
8 114 100
8 115 100
8 116 100
8 117 100
8 118 100
8 119 100
8 120 100
8 121 100
8 122 100
8 123 100
8 124 100
8 125 100
8 126 100
8 127 100
8 128 100
8 129 100
8 130 100
8 131 100
8 132 100
8 133 100
8 134 100
8 135 100
8 136 100
8 137 100
8 138 100
8 139 100
8 140 100
8 141 100
8 142 100
8 143 100
8 144 100
8 145 100
8 146 100
8 147 100
8 148 100
8 149 100
8 150 100
8 151 100
8 152 100
8 153 100
8 154 100
8 155 100
8 156 100
8 157 100
8 158 100
8 159 100
8 160 100
8 161 100
8 162 100
8 163 100
8 164 100
8 165 100
8 166 100
8 167 100
8 168 100
8 169 100
8 170 100
8 171 100
8 172 100
8 173 100
8 174 100
8 175 100
8 176 100
8 177 100
8 178 100
8 179 100
8 180 100
8 181 100
8 182 100
8 183 100
8 184 100
8 185 100
8 186 100
8 187 100
8 188 100
8 189 100
8 190 100
8 191 100
8 192 100
8 193 100
8 194 100
8 195 100
8 196 100
8 197 100
8 198 100
8 199 100
8 200 100
8 201 100
8 202 100
8 203 100
8 204 100
8 205 100
8 206 100
8 207 100
8 208 100
8 209 100
8 210 100
8 211 100
8 212 100
8 213 100
8 214 100
8 215 100
8 216 100
8 217 100
8 218 100
8 219 100
8 220 100
8 221 100
8 222 100
8 223 100
8 224 100
8 225 100
8 226 100
8 227 100
8 228 100
8 229 100
8 230 100
8 231 100
8 232 100
8 233 100
8 234 100
8 235 100
8 236 100
8 237 100
8 238 100
8 239 100
8 240 100
8 241 100
8 242 100
8 243 100
8 244 100
8 245 100
8 246 100
8 247 100
8 248 100
8 249 100
8 250 100
8 251 100
8 252 100
8 253 100
8 254 100
8 255 100
8 256 100
8 257 100
8 258 100
8 259 100
8 260 100
8 261 100
8 262 100
8 263 100
8 264 100
8 265 100
8 266 100
8 267 100
8 268 100
8 269 100
8 270 100
8 271 100
8 272 100
8 273 100
8 274 100
8 275 100
8 276 100
8 277 100
8 278 40
8 279 25
8 280 25
8 281 40
8 282 20
8 283 70
8 284 0
8 285 0
8 286 65
8 287 75
8 288 10
8 289 70
8 290 45
8 291 70
8 292 75
8 293 0
8 294 0
8 295 45
8 296 5
8 297 40
8 298 65
8 299 0
8 300 25
8 301 25
8 302 20
8 303 60
8 304 35
8 305 0
8 306 90
8 307 30
8 308 0
8 309 0
8 310 0
8 311 25
8 312 25
8 313 25
8 314 0
8 315 0
8 316 0
8 317 45
8 318 30
8 319 55
8 320 25
8 321 25
8 322 65
8 323 0
8 324 0
8 325 25
8 326 70
8 327 80
8 328 70
8 329 85
8 330 25
8 331 25
8 332 0
8 333 0
8 334 45
8 335 95
8 336 5
8 337 0
8 338 25
8 339 25
8 340 0
8 341 0
8 342 0
8 343 40
8 344 50
8 345 0
8 346 0
8 347 25
8 348 95
8 349 70
8 350 0
8 351 75
8 352 25
8 353 60
8 354 20
8 355 10
8 356 25
8 357 25
8 358 55
8 359 0
8 360 0
8 361 25
8 362 0
8 363 35
8 364 45
8 365 0
8 366 25
8 367 0
8 368 90
8 369 40
8 370 25
8 371 0
8 372 25
8 373 25
8 374 0
8 375 60
8 376 15
8 377 90
8 378 15
8 379 0
8 380 0
8 381 65
8 382 25
8 383 0
8 384 35
8 385 50
8 386 80
8 387 0
8 388 0
8 389 0
8 390 0
8 391 25
8 392 60
8 393 90
8 394 60
8 395 0
8 396 0
8 397 40
8 398 10
8 399 0
8 400 90
8 401 50
8 402 0
8 403 25
8 404 25
8 405 20
8 406 85
8 407 0
8 408 25
8 409 0
8 410 0
8 411 0
8 412 0
8 413 50
8 414 0
8 415 25
8 416 0
8 417 0
8 418 25
8 419 90
8 420 0
8 421 0
8 422 10
8 423 70
8 424 20
8 425 15
8 426 0
8 427 0
8 428 0
8 429 0
8 430 0
8 431 5
8 432 20
8 433 0
8 434 15
8 435 100
8 436 100
8 437 40
8 438 0
8 439 0
8 440 25
8 441 25
8 442 25
8 443 70
8 444 10
8 445 80
8 446 0
8 447 20
8 448 5
8 449 25
8 450 0
8 451 0
8 452 25
8 453 0
8 454 25
8 455 25
8 456 0
8 457 0
8 458 0
8 459 0
8 460 25
8 461 0
8 462 0
8 463 0
8 464 25
8 465 0
8 466 0
8 467 0
8 468 25
8 469 0
8 470 0
8 471 0
8 472 0
8 473 0
8 474 0
8 475 0
8 476 0
8 477 0
8 478 15
8 479 65
8 480 0
8 481 0
8 482 25
8 483 0
8 484 0
8 485 25
8 486 15
8 487 50
8 488 25
8 489 0
8 490 0
8 491 25
8 492 25
8 493 25
8 494 0
8 495 20
8 496 100
8 497 40
8 498 10
8 499 20
8 500 45
8 501 0
8 502 5
8 503 85
8 504 20
8 505 5
8 506 0
8 507 25
8 508 0
8 509 0
8 510 0
8 511 0
8 512 0
8 513 25
8 514 0
8 515 25
8 516 25
8 517 0
8 518 0
8 519 0
8 520 0
8 521 0
8 522 0
8 523 25
8 524 65
8 525 80
8 526 0
8 527 0
8 528 0
8 529 55
8 530 35
8 531 100
8 532 5
8 533 0
8 534 90
8 535 0
8 536 0
8 537 50
8 538 0
8 539 0
8 540 0
8 541 0
8 542 0
8 543 0
8 544 0
8 545 25
8 546 0
8 547 0
8 548 20
8 549 5
8 550 25
8 551 0
8 552 0
8 553 20
8 554 20
8 555 10
8 556 25
8 557 90
8 558 0
8 559 25
8 560 0
8 561 0
8 562 0
8 563 0
8 564 25
8 565 0
8 566 15
8 567 10
8 568 55
8 569 0
8 570 25
8 571 0
8 572 0
8 573 25
8 574 0
8 575 0
8 576 0
8 577 0
8 578 80
8 579 50
8 580 0
8 581 0
8 582 0
8 583 0
8 584 0
8 585 0
8 586 0
8 587 0
8 588 25
8 589 0
8 590 0
8 591 5
8 592 20
8 593 55
8 594 10
8 595 20
9 0 60
9 1 100
9 2 100
9 3 100
9 4 100
9 5 100
9 6 100
9 7 100
9 8 100
9 9 100
9 10 100
9 11 100
9 12 100
9 13 100
9 14 100
9 15 100
9 16 100
9 17 100
9 18 100
9 19 100
9 20 100
9 21 100
9 22 100
9 23 100
9 24 100
9 25 100
9 26 100
9 27 100
9 28 100
9 29 100
9 30 100
9 31 100
9 32 100
9 33 100
9 34 100
9 35 100
9 36 100
9 37 100
9 38 100
9 39 100
9 40 100
9 41 100
9 42 100
9 43 100
9 44 100
9 45 100
9 46 100
9 47 100
9 48 100
9 49 100
9 50 100
9 51 100
9 52 100
9 53 100
9 54 100
9 55 100
9 56 100
9 57 100
9 58 100
9 59 100
9 60 100
9 61 100
9 62 100
9 63 100
9 64 100
9 65 100
9 66 100
9 67 100
9 68 100
9 69 100
9 70 100
9 71 100
9 72 100
9 73 100
9 74 100
9 75 100
9 76 100
9 77 100
9 78 100
9 79 100
9 80 100
9 81 100
9 82 100
9 83 100
9 84 100
9 85 100
9 86 100
9 87 100
9 88 100
9 89 100
9 90 100
9 91 100
9 92 100
9 93 100
9 94 100
9 95 100
9 96 100
9 97 100
9 98 100
9 99 100
9 100 100
9 101 100
9 102 100
9 103 100
9 104 100
9 105 100
9 106 100
9 107 100
9 108 100
9 109 100
9 110 100
9 111 100
9 112 100
9 113 100
9 114 100
9 115 100
9 116 100
9 117 100
9 118 100
9 119 100
9 120 100
9 121 100
9 122 100
9 123 100
9 124 100
9 125 100
9 126 100
9 127 100
9 128 100
9 129 100
9 130 100
9 131 100
9 132 100
9 133 100
9 134 100
9 135 100
9 136 100
9 137 100
9 138 100
9 139 100
9 140 100
9 141 100
9 142 100
9 143 100
9 144 100
9 145 100
9 146 100
9 147 100
9 148 100
9 149 100
9 150 100
9 151 100
9 152 100
9 153 100
9 154 100
9 155 100
9 156 100
9 157 100
9 158 100
9 159 100
9 160 100
9 161 100
9 162 100
9 163 100
9 164 100
9 165 100
9 166 100
9 167 100
9 168 100
9 169 100
9 170 100
9 171 100
9 172 100
9 173 100
9 174 100
9 175 100
9 176 100
9 177 100
9 178 100
9 179 100
9 180 100
9 181 100
9 182 100
9 183 100
9 184 100
9 185 100
9 186 100
9 187 100
9 188 100
9 189 100
9 190 100
9 191 90
9 192 30
9 193 65
9 194 20
9 195 70
9 196 100
9 197 100
9 198 100
9 199 100
9 200 100
9 201 90
9 202 30
9 203 20
9 204 100
9 205 95
9 206 70
9 207 0
9 208 30
9 209 100
9 210 50
9 211 75
9 212 0
9 213 50
9 214 100
9 215 40
9 216 100
9 217 65
9 218 25
9 219 5
9 220 65
9 221 80
9 222 50
9 223 0
9 224 85
9 225 15
9 226 25
9 227 35
9 228 95
9 229 0
9 230 55
9 231 95
9 232 50
9 233 50
9 234 50
9 235 0
9 236 45
9 237 90
9 238 70
9 239 0
9 240 50
9 241 35
9 242 45
9 243 0
9 244 0
9 245 50
9 246 0
9 247 25
9 248 10
9 249 100
9 250 35
9 251 0
9 252 50
9 253 0
9 254 30
9 255 100
9 256 50
9 257 0
9 258 25
9 259 15
9 260 35
9 261 25
9 262 15
9 263 50
9 264 0
9 265 25
9 266 25
9 267 25
9 268 0
9 269 0
9 270 5
9 271 45
9 272 0
9 273 75
9 274 35
9 275 50
9 276 45
9 277 25
9 278 0
9 279 0
9 280 25
9 281 25
9 282 0
9 283 0
9 284 0
9 285 0
9 286 25
9 287 65
9 288 0
9 289 0
9 290 0
9 291 0
9 292 25
9 293 0
9 294 0
9 295 0
9 296 0
9 297 0
9 298 0
9 299 0
9 300 0
9 301 0
9 302 0
9 303 0
9 304 0
9 305 0
9 306 25
9 307 0
9 308 0
9 309 0
9 310 0
9 311 0
9 312 0
9 313 0
9 314 0
9 315 0
9 316 0
9 317 0
9 318 0
9 319 0
9 320 0
9 321 0
9 322 0
9 323 0
9 324 0
9 325 0
9 326 0
9 327 0
9 328 0
9 329 0
9 330 0
9 331 0
9 332 0
9 333 0
9 334 0
9 335 0
9 336 0
9 337 0
9 338 0
9 339 0
9 340 0
9 341 0
9 342 0
9 343 0
9 344 0
9 345 0
9 346 0
9 347 0
9 348 20
9 349 5
9 350 0
9 351 0
9 352 0
9 353 0
9 354 0
9 355 0
9 356 0
9 357 0
9 358 0
9 359 0
9 360 0
9 361 0
9 362 0
9 363 0
9 364 25
9 365 0
9 366 0
9 367 0
9 368 0
9 369 0
9 370 0
9 371 0
9 372 0
9 373 0
9 374 0
9 375 0
9 376 0
9 377 0
9 378 0
9 379 0
9 380 0
9 381 0
9 382 0
9 383 0
9 384 0
9 385 0
9 386 0
9 387 0
9 388 0
9 389 0
9 390 0
9 391 0
9 392 0
9 393 0
9 394 0
9 395 0
9 396 0
9 397 0
9 398 0
9 399 0
9 400 0
9 401 0
9 402 0
9 403 0
9 404 0
9 405 0
9 406 25
9 407 0
9 408 0
9 409 0
9 410 0
9 411 0
9 412 0
9 413 0
9 414 0
9 415 0
9 416 0
9 417 0
9 418 0
9 419 0
9 420 0
9 421 0
9 422 0
9 423 0
9 424 0
9 425 0
9 426 0
9 427 0
9 428 0
9 429 0
9 430 0
9 431 0
9 432 0
9 433 0
9 434 0
9 435 65
9 436 0
9 437 0
9 438 0
9 439 0
9 440 0
9 441 0
9 442 0
9 443 0
9 444 0
9 445 0
9 446 0
9 447 0
9 448 0
9 449 0
9 450 0
9 451 0
9 452 0
9 453 0
9 454 0
9 455 0
9 456 0
9 457 0
9 458 0
9 459 0
9 460 0
9 461 0
9 462 0
9 463 0
9 464 0
9 465 0
9 466 0
9 467 0
9 468 0
9 469 0
9 470 0
9 471 0
9 472 0
9 473 0
9 474 0
9 475 0
9 476 0
9 477 0
9 478 0
9 479 25
9 480 0
9 481 0
9 482 0
9 483 0
9 484 0
9 485 0
9 486 0
9 487 0
9 488 0
9 489 0
9 490 0
9 491 0
9 492 0
9 493 0
9 494 0
9 495 0
9 496 0
9 497 0
9 498 0
9 499 0
9 500 0
9 501 0
9 502 0
9 503 0
9 504 0
9 505 0
9 506 0
9 507 0
9 508 0
9 509 0
9 510 0
9 511 0
9 512 0
9 513 0
9 514 0
9 515 0
9 516 0
9 517 0
9 518 0
9 519 0
9 520 0
9 521 0
9 522 0
9 523 0
9 524 0
9 525 0
9 526 0
9 527 0
9 528 0
9 529 0
9 530 0
9 531 0
9 532 0
9 533 0
9 534 0
9 535 0
9 536 0
9 537 0
9 538 0
9 539 0
9 540 0
9 541 0
9 542 0
9 543 0
9 544 0
9 545 0
9 546 0
9 547 0
9 548 0
9 549 0
9 550 0
9 551 0
9 552 0
9 553 0
9 554 0
9 555 0
9 556 0
9 557 0
9 558 0
9 559 0
9 560 0
9 561 0
9 562 0
9 563 0
9 564 0
9 565 0
9 566 0
9 567 0
9 568 0
9 569 0
9 570 0
9 571 0
9 572 0
9 573 0
9 574 0
9 575 0
9 576 0
9 577 0
9 578 0
9 579 0
9 580 0
9 581 0
9 582 0
9 583 0
9 584 0
9 585 0
9 586 0
9 587 0
9 588 0
9 589 0
9 590 0
9 591 0
9 592 0
9 593 0
9 594 0
9 595 0
10 0 35
10 1 100
10 2 100
10 3 100
10 4 100
10 5 100
10 6 100
10 7 100
10 8 100
10 9 100
10 10 100
10 11 100
10 12 100
10 13 100
10 14 100
10 15 100
10 16 100
10 17 100
10 18 100
10 19 100
10 20 100
10 21 100
10 22 100
10 23 100
10 24 100
10 25 100
10 26 100
10 27 100
10 28 100
10 29 100
10 30 100
10 31 100
10 32 100
10 33 100
10 34 100
10 35 100
10 36 100
10 37 100
10 38 100
10 39 100
10 40 100
10 41 100
10 42 100
10 43 100
10 44 100
10 45 100
10 46 100
10 47 100
10 48 100
10 49 100
10 50 100
10 51 100
10 52 100
10 53 100
10 54 100
10 55 100
10 56 100
10 57 100
10 58 100
10 59 100
10 60 100
10 61 100
10 62 100
10 63 100
10 64 100
10 65 100
10 66 100
10 67 100
10 68 100
10 69 100
10 70 100
10 71 100
10 72 100
10 73 100
10 74 100
10 75 100
10 76 100
10 77 100
10 78 100
10 79 100
10 80 100
10 81 100
10 82 100
10 83 100
10 84 100
10 85 100
10 86 100
10 87 100
10 88 100
10 89 100
10 90 100
10 91 100
10 92 100
10 93 100
10 94 100
10 95 100
10 96 100
10 97 100
10 98 100
10 99 100
10 100 100
10 101 100
10 102 100
10 103 100
10 104 100
10 105 100
10 106 100
10 107 100
10 108 100
10 109 100
10 110 100
10 111 100
10 112 100
10 113 100
10 114 100
10 115 100
10 116 100
10 117 100
10 118 100
10 119 100
10 120 100
10 121 100
10 122 100
10 123 100
10 124 100
10 125 100
10 126 100
10 127 100
10 128 100
10 129 100
10 130 100
10 131 100
10 132 100
10 133 100
10 134 100
10 135 100
10 136 100
10 137 100
10 138 100
10 139 100
10 140 100
10 141 100
10 142 100
10 143 100
10 144 100
10 145 100
10 146 100
10 147 100
10 148 100
10 149 100
10 150 100
10 151 100
10 152 100
10 153 100
10 154 100
10 155 100
10 156 100
10 157 100
10 158 100
10 159 100
10 160 100
10 161 100
10 162 100
10 163 100
10 164 100
10 165 100
10 166 100
10 167 100
10 168 100
10 169 100
10 170 100
10 171 100
10 172 100
10 173 100
10 174 100
10 175 100
10 176 100
10 177 100
10 178 100
10 179 100
10 180 100
10 181 100
10 182 100
10 183 100
10 184 100
10 185 100
10 186 100
10 187 100
10 188 100
10 189 100
10 190 100
10 191 100
10 192 100
10 193 100
10 194 100
10 195 100
10 196 100
10 197 100
10 198 100
10 199 100
10 200 100
10 201 100
10 202 100
10 203 100
10 204 100
10 205 100
10 206 100
10 207 100
10 208 100
10 209 100
10 210 100
10 211 100
10 212 100
10 213 100
10 214 100
10 215 100
10 216 100
10 217 100
10 218 100
10 219 100
10 220 100
10 221 100
10 222 100
10 223 100
10 224 100
10 225 100
10 226 100
10 227 100
10 228 100
10 229 100
10 230 100
10 231 100
10 232 100
10 233 100
10 234 100
10 235 100
10 236 100
10 237 100
10 238 100
10 239 100
10 240 100
10 241 100
10 242 100
10 243 100
10 244 100
10 245 100
10 246 100
10 247 100
10 248 100
10 249 100
10 250 100
10 251 100
10 252 100
10 253 100
10 254 100
10 255 100
10 256 100
10 257 100
10 258 100
10 259 100
10 260 100
10 261 100
10 262 100
10 263 100
10 264 100
10 265 100
10 266 100
10 267 100
10 268 100
10 269 100
10 270 100
10 271 100
10 272 100
10 273 100
10 274 100
10 275 100
10 276 100
10 277 100
10 278 100
10 279 100
10 280 100
10 281 55
10 282 0
10 283 0
10 284 0
10 285 0
10 286 45
10 287 25
10 288 0
10 289 25
10 290 0
10 291 0
10 292 0
10 293 0
10 294 0
10 295 0
10 296 0
10 297 0
10 298 0
10 299 0
10 300 0
10 301 0
10 302 0
10 303 0
10 304 0
10 305 0
10 306 0
10 307 0
10 308 0
10 309 0
10 310 0
10 311 0
10 312 0
10 313 0
10 314 0
10 315 0
10 316 0
10 317 0
10 318 0
10 319 0
10 320 0
10 321 0
10 322 0
10 323 0
10 324 0
10 325 0
10 326 0
10 327 0
10 328 0
10 329 0
10 330 0
10 331 0
10 332 0
10 333 0
10 334 0
10 335 0
10 336 0
10 337 0
10 338 0
10 339 0
10 340 0
10 341 0
10 342 0
10 343 0
10 344 0
10 345 0
10 346 0
10 347 0
10 348 25
10 349 0
10 350 0
10 351 0
10 352 0
10 353 0
10 354 0
10 355 0
10 356 0
10 357 0
10 358 0
10 359 0
10 360 0
10 361 0
10 362 0
10 363 0
10 364 25
10 365 0
10 366 0
10 367 0
10 368 0
10 369 0
10 370 0
10 371 0
10 372 0
10 373 0
10 374 0
10 375 0
10 376 0
10 377 0
10 378 0
10 379 0
10 380 0
10 381 0
10 382 0
10 383 0
10 384 0
10 385 0
10 386 0
10 387 0
10 388 0
10 389 0
10 390 0
10 391 0
10 392 0
10 393 0
10 394 0
10 395 0
10 396 0
10 397 0
10 398 0
10 399 0
10 400 0
10 401 0
10 402 0
10 403 0
10 404 0
10 405 0
10 406 0
10 407 0
10 408 0
10 409 0
10 410 0
10 411 0
10 412 0
10 413 0
10 414 0
10 415 0
10 416 0
10 417 0
10 418 0
10 419 0
10 420 0
10 421 0
10 422 0
10 423 0
10 424 0
10 425 0
10 426 0
10 427 0
10 428 0
10 429 0
10 430 0
10 431 0
10 432 0
10 433 0
10 434 0
10 435 65
10 436 10
10 437 0
10 438 0
10 439 0
10 440 0
10 441 0
10 442 5
10 443 60
10 444 0
10 445 0
10 446 0
10 447 0
10 448 0
10 449 0
10 450 0
10 451 0
10 452 0
10 453 0
10 454 0
10 455 0
10 456 0
10 457 0
10 458 0
10 459 0
10 460 0
10 461 0
10 462 0
10 463 0
10 464 0
10 465 0
10 466 0
10 467 0
10 468 0
10 469 0
10 470 0
10 471 0
10 472 0
10 473 0
10 474 0
10 475 0
10 476 0
10 477 0
10 478 0
10 479 25
10 480 0
10 481 0
10 482 0
10 483 0
10 484 0
10 485 0
10 486 0
10 487 0
10 488 0
10 489 0
10 490 0
10 491 0
10 492 0
10 493 0
10 494 0
10 495 0
10 496 0
10 497 0
10 498 0
10 499 0
10 500 0
10 501 0
10 502 0
10 503 0
10 504 0
10 505 0
10 506 0
10 507 0
10 508 0
10 509 0
10 510 0
10 511 0
10 512 0
10 513 0
10 514 0
10 515 0
10 516 0
10 517 0
10 518 0
10 519 0
10 520 0
10 521 0
10 522 0
10 523 0
10 524 25
10 525 0
10 526 0
10 527 0
10 528 0
10 529 25
10 530 0
10 531 0
10 532 0
10 533 0
10 534 0
10 535 0
10 536 0
10 537 0
10 538 0
10 539 0
10 540 0
10 541 0
10 542 0
10 543 0
10 544 0
10 545 0
10 546 0
10 547 0
10 548 0
10 549 0
10 550 0
10 551 0
10 552 0
10 553 0
10 554 0
10 555 0
10 556 0
10 557 0
10 558 0
10 559 0
10 560 0
10 561 0
10 562 0
10 563 0
10 564 0
10 565 0
10 566 0
10 567 0
10 568 25
10 569 0
10 570 0
10 571 0
10 572 0
10 573 0
10 574 0
10 575 0
10 576 0
10 577 0
10 578 0
10 579 0
10 580 0
10 581 0
10 582 0
10 583 0
10 584 0
10 585 0
10 586 0
10 587 0
10 588 0
10 589 0
10 590 0
10 591 0
10 592 0
10 593 0
10 594 0
10 595 0
11 0 30
11 1 100
11 2 100
11 3 100
11 4 100
11 5 100
11 6 100
11 7 100
11 8 100
11 9 100
11 10 100
11 11 100
11 12 100
11 13 100
11 14 100
11 15 100
11 16 100
11 17 100
11 18 100
11 19 100
11 20 100
11 21 100
11 22 100
11 23 100
11 24 100
11 25 100
11 26 100
11 27 100
11 28 100
11 29 100
11 30 100
11 31 100
11 32 100
11 33 100
11 34 100
11 35 100
11 36 100
11 37 100
11 38 100
11 39 100
11 40 100
11 41 100
11 42 100
11 43 100
11 44 100
11 45 100
11 46 100
11 47 100
11 48 100
11 49 100
11 50 100
11 51 100
11 52 100
11 53 100
11 54 100
11 55 100
11 56 100
11 57 100
11 58 100
11 59 100
11 60 100
11 61 100
11 62 100
11 63 100
11 64 100
11 65 100
11 66 100
11 67 100
11 68 100
11 69 100
11 70 100
11 71 100
11 72 100
11 73 100
11 74 100
11 75 100
11 76 100
11 77 100
11 78 100
11 79 100
11 80 100
11 81 100
11 82 100
11 83 100
11 84 100
11 85 100
11 86 100
11 87 100
11 88 100
11 89 100
11 90 100
11 91 100
11 92 100
11 93 100
11 94 100
11 95 100
11 96 100
11 97 100
11 98 100
11 99 100
11 100 100
11 101 100
11 102 100
11 103 100
11 104 100
11 105 100
11 106 100
11 107 100
11 108 100
11 109 100
11 110 100
11 111 100
11 112 100
11 113 100
11 114 100
11 115 100
11 116 100
11 117 100
11 118 100
11 119 100
11 120 100
11 121 100
11 122 100
11 123 100
11 124 100
11 125 100
11 126 100
11 127 100
11 128 100
11 129 100
11 130 100
11 131 100
11 132 100
11 133 100
11 134 100
11 135 100
11 136 100
11 137 100
11 138 100
11 139 100
11 140 100
11 141 100
11 142 100
11 143 100
11 144 100
11 145 100
11 146 100
11 147 100
11 148 100
11 149 100
11 150 100
11 151 100
11 152 100
11 153 100
11 154 100
11 155 100
11 156 100
11 157 100
11 158 100
11 159 100
11 160 100
11 161 100
11 162 100
11 163 100
11 164 100
11 165 100
11 166 100
11 167 100
11 168 100
11 169 100
11 170 100
11 171 100
11 172 100
11 173 100
11 174 100
11 175 100
11 176 100
11 177 100
11 178 100
11 179 100
11 180 100
11 181 100
11 182 100
11 183 100
11 184 100
11 185 100
11 186 100
11 187 100
11 188 100
11 189 100
11 190 100
11 191 100
11 192 100
11 193 100
11 194 100
11 195 100
11 196 100
11 197 100
11 198 100
11 199 100
11 200 100
11 201 100
11 202 100
11 203 100
11 204 100
11 205 100
11 206 100
11 207 100
11 208 100
11 209 100
11 210 100
11 211 100
11 212 100
11 213 100
11 214 100
11 215 100
11 216 100
11 217 100
11 218 100
11 219 100
11 220 100
11 221 100
11 222 100
11 223 100
11 224 100
11 225 100
11 226 100
11 227 100
11 228 100
11 229 100
11 230 100
11 231 100
11 232 100
11 233 100
11 234 100
11 235 100
11 236 100
11 237 100
11 238 100
11 239 100
11 240 100
11 241 100
11 242 100
11 243 100
11 244 100
11 245 100
11 246 100
11 247 100
11 248 100
11 249 100
11 250 100
11 251 100
11 252 100
11 253 100
11 254 100
11 255 65
11 256 35
11 257 15
11 258 0
11 259 25
11 260 0
11 261 5
11 262 20
11 263 75
11 264 25
11 265 25
11 266 0
11 267 25
11 268 0
11 269 15
11 270 10
11 271 0
11 272 50
11 273 20
11 274 60
11 275 100
11 276 65
11 277 15
11 278 0
11 279 0
11 280 25
11 281 0
11 282 0
11 283 0
11 284 0
11 285 0
11 286 45
11 287 35
11 288 0
11 289 25
11 290 0
11 291 0
11 292 0
11 293 0
11 294 0
11 295 0
11 296 0
11 297 25
11 298 0
11 299 0
11 300 0
11 301 0
11 302 0
11 303 0
11 304 0
11 305 0
11 306 0
11 307 0
11 308 0
11 309 0
11 310 0
11 311 0
11 312 0
11 313 0
11 314 0
11 315 0
11 316 0
11 317 0
11 318 0
11 319 25
11 320 0
11 321 0
11 322 0
11 323 0
11 324 0
11 325 0
11 326 0
11 327 0
11 328 0
11 329 0
11 330 0
11 331 0
11 332 0
11 333 0
11 334 0
11 335 25
11 336 0
11 337 0
11 338 0
11 339 0
11 340 0
11 341 0
11 342 0
11 343 0
11 344 0
11 345 0
11 346 0
11 347 0
11 348 25
11 349 25
11 350 0
11 351 0
11 352 0
11 353 0
11 354 0
11 355 0
11 356 0
11 357 0
11 358 25
11 359 0
11 360 0
11 361 0
11 362 0
11 363 0
11 364 0
11 365 0
11 366 0
11 367 0
11 368 0
11 369 0
11 370 0
11 371 0
11 372 0
11 373 0
11 374 0
11 375 0
11 376 0
11 377 0
11 378 0
11 379 0
11 380 0
11 381 0
11 382 0
11 383 0
11 384 0
11 385 0
11 386 0
11 387 0
11 388 0
11 389 0
11 390 0
11 391 0
11 392 0
11 393 0
11 394 0
11 395 0
11 396 0
11 397 0
11 398 0
11 399 0
11 400 0
11 401 0
11 402 0
11 403 0
11 404 0
11 405 0
11 406 0
11 407 0
11 408 0
11 409 0
11 410 0
11 411 0
11 412 0
11 413 0
11 414 0
11 415 0
11 416 0
11 417 0
11 418 0
11 419 0
11 420 0
11 421 0
11 422 0
11 423 0
11 424 0
11 425 0
11 426 0
11 427 0
11 428 0
11 429 0
11 430 0
11 431 0
11 432 0
11 433 0
11 434 0
11 435 50
11 436 0
11 437 0
11 438 0
11 439 0
11 440 0
11 441 0
11 442 5
11 443 20
11 444 0
11 445 0
11 446 0
11 447 0
11 448 0
11 449 0
11 450 0
11 451 0
11 452 0
11 453 0
11 454 0
11 455 0
11 456 0
11 457 0
11 458 0
11 459 0
11 460 0
11 461 0
11 462 0
11 463 0
11 464 0
11 465 0
11 466 0
11 467 0
11 468 0
11 469 0
11 470 0
11 471 0
11 472 0
11 473 0
11 474 0
11 475 0
11 476 0
11 477 0
11 478 0
11 479 0
11 480 0
11 481 0
11 482 0
11 483 0
11 484 0
11 485 0
11 486 0
11 487 0
11 488 0
11 489 0
11 490 0
11 491 0
11 492 0
11 493 0
11 494 0
11 495 0
11 496 0
11 497 0
11 498 0
11 499 0
11 500 0
11 501 0
11 502 0
11 503 0
11 504 0
11 505 0
11 506 0
11 507 0
11 508 0
11 509 0
11 510 0
11 511 0
11 512 0
11 513 0
11 514 0
11 515 0
11 516 0
11 517 0
11 518 0
11 519 0
11 520 0
11 521 0
11 522 0
11 523 0
11 524 25
11 525 0
11 526 0
11 527 0
11 528 0
11 529 25
11 530 0
11 531 0
11 532 0
11 533 0
11 534 0
11 535 0
11 536 0
11 537 0
11 538 0
11 539 0
11 540 0
11 541 0
11 542 0
11 543 0
11 544 0
11 545 0
11 546 0
11 547 0
11 548 0
11 549 0
11 550 0
11 551 0
11 552 0
11 553 0
11 554 0
11 555 0
11 556 0
11 557 0
11 558 0
11 559 0
11 560 0
11 561 0
11 562 0
11 563 0
11 564 0
11 565 0
11 566 0
11 567 0
11 568 25
11 569 0
11 570 0
11 571 0
11 572 0
11 573 0
11 574 0
11 575 0
11 576 0
11 577 0
11 578 0
11 579 0
11 580 0
11 581 0
11 582 0
11 583 0
11 584 0
11 585 0
11 586 0
11 587 0
11 588 0
11 589 0
11 590 0
11 591 0
11 592 0
11 593 0
11 594 0
11 595 0
12 0 45
12 1 100
12 2 100
12 3 100
12 4 100
12 5 100
12 6 100
12 7 100
12 8 100
12 9 100
12 10 100
12 11 100
12 12 100
12 13 100
12 14 100
12 15 100
12 16 100
12 17 100
12 18 100
12 19 100
12 20 100
12 21 100
12 22 100
12 23 100
12 24 100
12 25 100
12 26 100
12 27 100
12 28 100
12 29 100
12 30 100
12 31 100
12 32 100
12 33 100
12 34 100
12 35 100
12 36 100
12 37 100
12 38 100
12 39 100
12 40 100
12 41 100
12 42 100
12 43 100
12 44 100
12 45 100
12 46 100
12 47 100
12 48 100
12 49 100
12 50 100
12 51 100
12 52 100
12 53 100
12 54 100
12 55 100
12 56 100
12 57 100
12 58 100
12 59 100
12 60 100
12 61 100
12 62 100
12 63 100
12 64 100
12 65 100
12 66 100
12 67 100
12 68 100
12 69 100
12 70 100
12 71 100
12 72 100
12 73 100
12 74 100
12 75 100
12 76 100
12 77 100
12 78 100
12 79 100
12 80 100
12 81 100
12 82 100
12 83 100
12 84 100
12 85 100
12 86 100
12 87 100
12 88 100
12 89 100
12 90 100
12 91 100
12 92 100
12 93 100
12 94 100
12 95 100
12 96 100
12 97 100
12 98 100
12 99 100
12 100 100
12 101 100
12 102 100
12 103 100
12 104 100
12 105 100
12 106 100
12 107 100
12 108 100
12 109 100
12 110 100
12 111 100
12 112 100
12 113 100
12 114 100
12 115 100
12 116 100
12 117 100
12 118 100
12 119 100
12 120 100
12 121 100
12 122 100
12 123 100
12 124 100
12 125 100
12 126 100
12 127 100
12 128 100
12 129 100
12 130 100
12 131 100
12 132 100
12 133 100
12 134 100
12 135 100
12 136 100
12 137 100
12 138 100
12 139 100
12 140 100
12 141 100
12 142 100
12 143 100
12 144 100
12 145 100
12 146 100
12 147 100
12 148 100
12 149 100
12 150 100
12 151 100
12 152 100
12 153 100
12 154 100
12 155 100
12 156 100
12 157 100
12 158 100
12 159 100
12 160 100
12 161 100
12 162 100
12 163 100
12 164 100
12 165 100
12 166 100
12 167 100
12 168 100
12 169 100
12 170 100
12 171 100
12 172 100
12 173 100
12 174 100
12 175 100
12 176 100
12 177 100
12 178 100
12 179 100
12 180 100
12 181 100
12 182 100
12 183 100
12 184 100
12 185 100
12 186 100
12 187 100
12 188 100
12 189 100
12 190 100
12 191 100
12 192 100
12 193 100
12 194 100
12 195 100
12 196 100
12 197 100
12 198 100
12 199 100
12 200 100
12 201 100
12 202 100
12 203 100
12 204 100
12 205 100
12 206 100
12 207 100
12 208 100
12 209 100
12 210 100
12 211 100
12 212 100
12 213 100
12 214 100
12 215 100
12 216 100
12 217 100
12 218 100
12 219 100
12 220 100
12 221 100
12 222 100
12 223 100
12 224 100
12 225 100
12 226 100
12 227 100
12 228 100
12 229 100
12 230 100
12 231 100
12 232 100
12 233 100
12 234 100
12 235 100
12 236 100
12 237 100
12 238 85
12 239 0
12 240 65
12 241 25
12 242 25
12 243 55
12 244 95
12 245 20
12 246 25
12 247 10
12 248 15
12 249 0
12 250 0
12 251 25
12 252 70
12 253 20
12 254 50
12 255 0
12 256 0
12 257 0
12 258 25
12 259 0
12 260 25
12 261 5
12 262 20
12 263 25
12 264 25
12 265 0
12 266 0
12 267 0
12 268 0
12 269 15
12 270 10
12 271 0
12 272 50
12 273 20
12 274 85
12 275 20
12 276 30
12 277 0
12 278 0
12 279 0
12 280 0
12 281 0
12 282 0
12 283 0
12 284 0
12 285 0
12 286 0
12 287 25
12 288 0
12 289 0
12 290 25
12 291 40
12 292 0
12 293 0
12 294 0
12 295 0
12 296 0
12 297 25
12 298 0
12 299 0
12 300 0
12 301 0
12 302 0
12 303 0
12 304 0
12 305 0
12 306 0
12 307 0
12 308 0
12 309 0
12 310 0
12 311 0
12 312 0
12 313 0
12 314 0
12 315 0
12 316 0
12 317 0
12 318 0
12 319 25
12 320 0
12 321 0
12 322 0
12 323 0
12 324 0
12 325 0
12 326 50
12 327 15
12 328 40
12 329 25
12 330 0
12 331 0
12 332 0
12 333 0
12 334 0
12 335 25
12 336 0
12 337 0
12 338 0
12 339 0
12 340 0
12 341 0
12 342 0
12 343 0
12 344 0
12 345 0
12 346 0
12 347 0
12 348 0
12 349 25
12 350 0
12 351 0
12 352 0
12 353 0
12 354 0
12 355 0
12 356 0
12 357 0
12 358 25
12 359 0
12 360 0
12 361 0
12 362 0
12 363 0
12 364 0
12 365 0
12 366 0
12 367 0
12 368 20
12 369 5
12 370 0
12 371 0
12 372 0
12 373 0
12 374 0
12 375 0
12 376 0
12 377 0
12 378 0
12 379 0
12 380 0
12 381 0
12 382 0
12 383 0
12 384 0
12 385 0
12 386 0
12 387 0
12 388 0
12 389 0
12 390 0
12 391 0
12 392 40
12 393 25
12 394 0
12 395 0
12 396 0
12 397 0
12 398 0
12 399 0
12 400 0
12 401 0
12 402 0
12 403 0
12 404 0
12 405 0
12 406 0
12 407 0
12 408 0
12 409 0
12 410 0
12 411 0
12 412 0
12 413 0
12 414 0
12 415 0
12 416 0
12 417 0
12 418 0
12 419 0
12 420 0
12 421 0
12 422 0
12 423 0
12 424 0
12 425 0
12 426 0
12 427 0
12 428 0
12 429 0
12 430 0
12 431 0
12 432 0
12 433 0
12 434 0
12 435 95
12 436 0
12 437 0
12 438 0
12 439 0
12 440 0
12 441 0
12 442 0
12 443 0
12 444 0
12 445 0
12 446 0
12 447 0
12 448 0
12 449 0
12 450 0
12 451 0
12 452 0
12 453 0
12 454 0
12 455 0
12 456 0
12 457 0
12 458 0
12 459 0
12 460 0
12 461 0
12 462 0
12 463 0
12 464 0
12 465 0
12 466 0
12 467 0
12 468 0
12 469 0
12 470 0
12 471 0
12 472 0
12 473 0
12 474 0
12 475 0
12 476 0
12 477 0
12 478 0
12 479 0
12 480 0
12 481 0
12 482 0
12 483 0
12 484 0
12 485 0
12 486 0
12 487 0
12 488 0
12 489 0
12 490 0
12 491 0
12 492 0
12 493 0
12 494 0
12 495 0
12 496 35
12 497 30
12 498 0
12 499 0
12 500 0
12 501 0
12 502 0
12 503 0
12 504 0
12 505 0
12 506 0
12 507 0
12 508 0
12 509 0
12 510 0
12 511 0
12 512 0
12 513 0
12 514 0
12 515 0
12 516 0
12 517 0
12 518 0
12 519 0
12 520 0
12 521 0
12 522 0
12 523 0
12 524 0
12 525 0
12 526 0
12 527 0
12 528 0
12 529 0
12 530 0
12 531 0
12 532 0
12 533 0
12 534 0
12 535 0
12 536 0
12 537 0
12 538 0
12 539 0
12 540 0
12 541 0
12 542 0
12 543 0
12 544 0
12 545 0
12 546 0
12 547 0
12 548 0
12 549 0
12 550 0
12 551 0
12 552 0
12 553 0
12 554 0
12 555 0
12 556 0
12 557 0
12 558 0
12 559 0
12 560 0
12 561 0
12 562 0
12 563 0
12 564 0
12 565 0
12 566 0
12 567 0
12 568 0
12 569 0
12 570 0
12 571 0
12 572 0
12 573 0
12 574 0
12 575 0
12 576 0
12 577 0
12 578 0
12 579 0
12 580 0
12 581 0
12 582 0
12 583 0
12 584 0
12 585 0
12 586 0
12 587 0
12 588 0
12 589 0
12 590 0
12 591 0
12 592 0
12 593 0
12 594 0
12 595 0
13 0 75
13 1 100
13 2 100
13 3 100
13 4 100
13 5 100
13 6 100
13 7 100
13 8 100
13 9 100
13 10 100
13 11 100
13 12 100
13 13 100
13 14 100
13 15 100
13 16 100
13 17 100
13 18 100
13 19 100
13 20 100
13 21 100
13 22 100
13 23 100
13 24 100
13 25 100
13 26 100
13 27 100
13 28 100
13 29 100
13 30 100
13 31 100
13 32 100
13 33 100
13 34 100
13 35 100
13 36 100
13 37 100
13 38 100
13 39 100
13 40 100
13 41 100
13 42 100
13 43 100
13 44 100
13 45 100
13 46 100
13 47 100
13 48 100
13 49 100
13 50 100
13 51 100
13 52 100
13 53 100
13 54 100
13 55 100
13 56 100
13 57 100
13 58 100
13 59 100
13 60 100
13 61 100
13 62 100
13 63 100
13 64 100
13 65 100
13 66 100
13 67 100
13 68 100
13 69 100
13 70 100
13 71 100
13 72 100
13 73 100
13 74 100
13 75 100
13 76 100
13 77 100
13 78 100
13 79 100
13 80 100
13 81 100
13 82 100
13 83 100
13 84 100
13 85 100
13 86 100
13 87 100
13 88 100
13 89 100
13 90 100
13 91 100
13 92 100
13 93 100
13 94 100
13 95 100
13 96 100
13 97 100
13 98 100
13 99 100
13 100 100
13 101 100
13 102 100
13 103 100
13 104 100
13 105 100
13 106 100
13 107 100
13 108 100
13 109 100
13 110 100
13 111 100
13 112 100
13 113 100
13 114 100
13 115 100
13 116 100
13 117 100
13 118 100
13 119 100
13 120 100
13 121 100
13 122 100
13 123 100
13 124 100
13 125 100
13 126 100
13 127 100
13 128 100
13 129 100
13 130 100
13 131 100
13 132 100
13 133 100
13 134 100
13 135 100
13 136 100
13 137 100
13 138 100
13 139 100
13 140 100
13 141 100
13 142 100
13 143 100
13 144 100
13 145 100
13 146 100
13 147 100
13 148 100
13 149 100
13 150 100
13 151 100
13 152 100
13 153 100
13 154 100
13 155 100
13 156 100
13 157 100
13 158 100
13 159 100
13 160 100
13 161 100
13 162 100
13 163 100
13 164 100
13 165 100
13 166 100
13 167 100
13 168 100
13 169 100
13 170 100
13 171 100
13 172 100
13 173 100
13 174 100
13 175 100
13 176 100
13 177 100
13 178 100
13 179 100
13 180 100
13 181 100
13 182 100
13 183 100
13 184 100
13 185 100
13 186 100
13 187 100
13 188 100
13 189 100
13 190 100
13 191 100
13 192 100
13 193 100
13 194 100
13 195 100
13 196 100
13 197 100
13 198 100
13 199 100
13 200 100
13 201 80
13 202 60
13 203 0
13 204 75
13 205 25
13 206 0
13 207 15
13 208 60
13 209 0
13 210 0
13 211 35
13 212 45
13 213 60
13 214 0
13 215 0
13 216 0
13 217 25
13 218 5
13 219 70
13 220 45
13 221 50
13 222 80
13 223 65
13 224 25
13 225 25
13 226 0
13 227 25
13 228 85
13 229 55
13 230 30
13 231 25
13 232 25
13 233 0
13 234 25
13 235 20
13 236 5
13 237 0
13 238 0
13 239 0
13 240 0
13 241 0
13 242 0
13 243 0
13 244 0
13 245 0
13 246 0
13 247 0
13 248 0
13 249 0
13 250 0
13 251 0
13 252 0
13 253 0
13 254 0
13 255 0
13 256 0
13 257 0
13 258 0
13 259 0
13 260 0
13 261 0
13 262 0
13 263 0
13 264 0
13 265 0
13 266 0
13 267 0
13 268 0
13 269 0
13 270 0
13 271 0
13 272 0
13 273 25
13 274 0
13 275 0
13 276 0
13 277 0
13 278 0
13 279 0
13 280 0
13 281 0
13 282 0
13 283 0
13 284 0
13 285 0
13 286 0
13 287 0
13 288 0
13 289 0
13 290 0
13 291 0
13 292 0
13 293 0
13 294 0
13 295 0
13 296 0
13 297 0
13 298 0
13 299 0
13 300 0
13 301 0
13 302 0
13 303 0
13 304 0
13 305 0
13 306 0
13 307 0
13 308 0
13 309 0
13 310 0
13 311 0
13 312 0
13 313 0
13 314 0
13 315 0
13 316 0
13 317 0
13 318 0
13 319 0
13 320 0
13 321 0
13 322 0
13 323 0
13 324 0
13 325 0
13 326 0
13 327 0
13 328 0
13 329 0
13 330 0
13 331 0
13 332 0
13 333 0
13 334 0
13 335 0
13 336 0
13 337 0
13 338 0
13 339 0
13 340 0
13 341 0
13 342 0
13 343 0
13 344 0
13 345 0
13 346 0
13 347 0
13 348 0
13 349 0
13 350 0
13 351 0
13 352 0
13 353 0
13 354 0
13 355 0
13 356 0
13 357 0
13 358 0
13 359 0
13 360 0
13 361 0
13 362 0
13 363 0
13 364 0
13 365 0
13 366 0
13 367 0
13 368 0
13 369 0
13 370 0
13 371 0
13 372 0
13 373 0
13 374 0
13 375 0
13 376 0
13 377 0
13 378 0
13 379 0
13 380 0
13 381 0
13 382 0
13 383 0
13 384 0
13 385 0
13 386 0
13 387 0
13 388 0
13 389 0
13 390 0
13 391 0
13 392 0
13 393 0
13 394 0
13 395 0
13 396 0
13 397 0
13 398 0
13 399 0
13 400 0
13 401 0
13 402 0
13 403 0
13 404 0
13 405 0
13 406 0
13 407 0
13 408 0
13 409 0
13 410 0
13 411 0
13 412 0
13 413 0
13 414 0
13 415 0
13 416 0
13 417 0
13 418 0
13 419 0
13 420 0
13 421 0
13 422 0
13 423 0
13 424 0
13 425 0
13 426 0
13 427 0
13 428 0
13 429 0
13 430 0
13 431 0
13 432 0
13 433 0
13 434 0
13 435 65
13 436 0
13 437 0
13 438 0
13 439 0
13 440 0
13 441 0
13 442 0
13 443 0
13 444 0
13 445 0
13 446 0
13 447 0
13 448 0
13 449 0
13 450 0
13 451 0
13 452 0
13 453 0
13 454 0
13 455 0
13 456 0
13 457 0
13 458 0
13 459 0
13 460 0
13 461 0
13 462 0
13 463 0
13 464 0
13 465 0
13 466 0
13 467 0
13 468 0
13 469 0
13 470 0
13 471 0
13 472 0
13 473 0
13 474 0
13 475 0
13 476 0
13 477 0
13 478 0
13 479 0
13 480 0
13 481 0
13 482 0
13 483 0
13 484 0
13 485 0
13 486 0
13 487 0
13 488 0
13 489 0
13 490 0
13 491 0
13 492 0
13 493 0
13 494 0
13 495 0
13 496 0
13 497 0
13 498 0
13 499 0
13 500 0
13 501 0
13 502 0
13 503 0
13 504 0
13 505 0
13 506 0
13 507 0
13 508 0
13 509 0
13 510 0
13 511 0
13 512 0
13 513 0
13 514 0
13 515 0
13 516 0
13 517 0
13 518 0
13 519 0
13 520 0
13 521 0
13 522 0
13 523 0
13 524 0
13 525 0
13 526 0
13 527 0
13 528 0
13 529 0
13 530 0
13 531 0
13 532 0
13 533 0
13 534 0
13 535 0
13 536 0
13 537 0
13 538 0
13 539 0
13 540 0
13 541 0
13 542 0
13 543 0
13 544 0
13 545 0
13 546 0
13 547 0
13 548 0
13 549 0
13 550 0
13 551 0
13 552 0
13 553 0
13 554 0
13 555 0
13 556 0
13 557 0
13 558 0
13 559 0
13 560 0
13 561 0
13 562 0
13 563 0
13 564 0
13 565 0
13 566 0
13 567 0
13 568 0
13 569 0
13 570 0
13 571 0
13 572 0
13 573 0
13 574 0
13 575 0
13 576 0
13 577 0
13 578 0
13 579 0
13 580 0
13 581 0
13 582 0
13 583 0
13 584 0
13 585 0
13 586 0
13 587 0
13 588 0
13 589 0
13 590 0
13 591 0
13 592 0
13 593 0
13 594 0
13 595 0
14 0 55
14 1 100
14 2 100
14 3 100
14 4 100
14 5 100
14 6 100
14 7 100
14 8 100
14 9 100
14 10 100
14 11 100
14 12 100
14 13 100
14 14 100
14 15 100
14 16 100
14 17 100
14 18 100
14 19 100
14 20 100
14 21 100
14 22 100
14 23 100
14 24 100
14 25 100
14 26 100
14 27 100
14 28 100
14 29 100
14 30 100
14 31 100
14 32 100
14 33 100
14 34 100
14 35 100
14 36 100
14 37 100
14 38 100
14 39 100
14 40 100
14 41 100
14 42 100
14 43 100
14 44 100
14 45 100
14 46 100
14 47 100
14 48 100
14 49 100
14 50 100
14 51 100
14 52 100
14 53 100
14 54 100
14 55 100
14 56 100
14 57 100
14 58 100
14 59 100
14 60 100
14 61 100
14 62 100
14 63 100
14 64 100
14 65 100
14 66 100
14 67 100
14 68 100
14 69 100
14 70 100
14 71 100
14 72 100
14 73 100
14 74 100
14 75 100
14 76 100
14 77 100
14 78 100
14 79 100
14 80 100
14 81 100
14 82 100
14 83 100
14 84 100
14 85 100
14 86 100
14 87 100
14 88 100
14 89 100
14 90 100
14 91 100
14 92 100
14 93 100
14 94 100
14 95 100
14 96 100
14 97 100
14 98 100
14 99 100
14 100 100
14 101 100
14 102 100
14 103 100
14 104 100
14 105 100
14 106 100
14 107 100
14 108 100
14 109 100
14 110 100
14 111 100
14 112 100
14 113 100
14 114 100
14 115 100
14 116 100
14 117 100
14 118 100
14 119 100
14 120 100
14 121 100
14 122 100
14 123 100
14 124 100
14 125 100
14 126 100
14 127 100
14 128 100
14 129 100
14 130 100
14 131 100
14 132 100
14 133 100
14 134 100
14 135 100
14 136 100
14 137 100
14 138 100
14 139 100
14 140 100
14 141 100
14 142 100
14 143 100
14 144 100
14 145 100
14 146 100
14 147 100
14 148 100
14 149 100
14 150 100
14 151 100
14 152 100
14 153 100
14 154 100
14 155 100
14 156 100
14 157 100
14 158 100
14 159 100
14 160 100
14 161 100
14 162 100
14 163 100
14 164 100
14 165 100
14 166 100
14 167 100
14 168 95
14 169 25
14 170 100
14 171 60
14 172 100
14 173 65
14 174 65
14 175 25
14 176 100
14 177 80
14 178 100
14 179 50
14 180 40
14 181 95
14 182 70
14 183 0
14 184 50
14 185 25
14 186 70
14 187 100
14 188 45
14 189 100
14 190 55
14 191 30
14 192 80
14 193 90
14 194 10
14 195 25
14 196 95
14 197 25
14 198 0
14 199 25
14 200 60
14 201 75
14 202 35
14 203 90
14 204 95
14 205 40
14 206 0
14 207 40
14 208 60
14 209 80
14 210 85
14 211 25
14 212 50
14 213 0
14 214 25
14 215 25
14 216 25
14 217 25
14 218 5
14 219 85
14 220 45
14 221 80
14 222 100
14 223 45
14 224 75
14 225 0
14 226 0
14 227 25
14 228 50
14 229 45
14 230 100
14 231 80
14 232 30
14 233 0
14 234 65
14 235 60
14 236 15
14 237 0
14 238 0
14 239 0
14 240 0
14 241 0
14 242 25
14 243 0
14 244 50
14 245 0
14 246 0
14 247 0
14 248 0
14 249 0
14 250 0
14 251 0
14 252 25
14 253 0
14 254 0
14 255 0
14 256 0
14 257 0
14 258 0
14 259 0
14 260 0
14 261 0
14 262 15
14 263 10
14 264 0
14 265 25
14 266 0
14 267 0
14 268 25
14 269 0
14 270 0
14 271 0
14 272 0
14 273 0
14 274 0
14 275 0
14 276 0
14 277 0
14 278 65
14 279 25
14 280 0
14 281 0
14 282 0
14 283 0
14 284 0
14 285 0
14 286 0
14 287 0
14 288 0
14 289 0
14 290 0
14 291 0
14 292 0
14 293 0
14 294 0
14 295 0
14 296 0
14 297 0
14 298 0
14 299 0
14 300 0
14 301 0
14 302 0
14 303 0
14 304 0
14 305 0
14 306 0
14 307 0
14 308 0
14 309 0
14 310 0
14 311 0
14 312 0
14 313 0
14 314 0
14 315 0
14 316 0
14 317 0
14 318 0
14 319 0
14 320 0
14 321 0
14 322 0
14 323 0
14 324 0
14 325 0
14 326 0
14 327 0
14 328 0
14 329 0
14 330 0
14 331 0
14 332 0
14 333 0
14 334 0
14 335 0
14 336 0
14 337 0
14 338 0
14 339 0
14 340 0
14 341 0
14 342 0
14 343 0
14 344 0
14 345 0
14 346 0
14 347 0
14 348 0
14 349 0
14 350 0
14 351 0
14 352 0
14 353 0
14 354 0
14 355 0
14 356 0
14 357 0
14 358 0
14 359 0
14 360 0
14 361 0
14 362 0
14 363 0
14 364 0
14 365 0
14 366 0
14 367 0
14 368 0
14 369 0
14 370 0
14 371 0
14 372 0
14 373 0
14 374 0
14 375 0
14 376 0
14 377 0
14 378 0
14 379 0
14 380 0
14 381 0
14 382 0
14 383 0
14 384 0
14 385 0
14 386 0
14 387 0
14 388 0
14 389 0
14 390 0
14 391 0
14 392 0
14 393 0
14 394 0
14 395 0
14 396 0
14 397 0
14 398 0
14 399 0
14 400 0
14 401 0
14 402 0
14 403 0
14 404 0
14 405 0
14 406 0
14 407 0
14 408 0
14 409 0
14 410 0
14 411 0
14 412 0
14 413 0
14 414 0
14 415 0
14 416 0
14 417 0
14 418 0
14 419 0
14 420 0
14 421 0
14 422 0
14 423 0
14 424 0
14 425 0
14 426 0
14 427 0
14 428 0
14 429 0
14 430 0
14 431 0
14 432 0
14 433 0
14 434 0
14 435 25
14 436 0
14 437 0
14 438 0
14 439 0
14 440 0
14 441 0
14 442 0
14 443 0
14 444 0
14 445 0
14 446 0
14 447 0
14 448 0
14 449 0
14 450 0
14 451 0
14 452 0
14 453 0
14 454 0
14 455 0
14 456 0
14 457 0
14 458 0
14 459 0
14 460 0
14 461 0
14 462 0
14 463 0
14 464 0
14 465 0
14 466 0
14 467 0
14 468 0
14 469 0
14 470 0
14 471 0
14 472 0
14 473 0
14 474 0
14 475 0
14 476 0
14 477 0
14 478 0
14 479 0
14 480 0
14 481 0
14 482 0
14 483 0
14 484 0
14 485 0
14 486 0
14 487 0
14 488 0
14 489 0
14 490 0
14 491 0
14 492 0
14 493 0
14 494 0
14 495 0
14 496 0
14 497 0
14 498 0
14 499 0
14 500 0
14 501 0
14 502 0
14 503 0
14 504 0
14 505 0
14 506 0
14 507 0
14 508 0
14 509 0
14 510 0
14 511 0
14 512 0
14 513 0
14 514 0
14 515 0
14 516 0
14 517 0
14 518 0
14 519 0
14 520 0
14 521 0
14 522 0
14 523 0
14 524 0
14 525 0
14 526 0
14 527 0
14 528 0
14 529 0
14 530 0
14 531 0
14 532 0
14 533 0
14 534 0
14 535 0
14 536 0
14 537 0
14 538 0
14 539 0
14 540 0
14 541 0
14 542 0
14 543 0
14 544 0
14 545 0
14 546 0
14 547 0
14 548 0
14 549 0
14 550 0
14 551 0
14 552 0
14 553 0
14 554 0
14 555 0
14 556 0
14 557 0
14 558 0
14 559 0
14 560 0
14 561 0
14 562 0
14 563 0
14 564 0
14 565 0
14 566 0
14 567 0
14 568 0
14 569 0
14 570 0
14 571 0
14 572 0
14 573 0
14 574 0
14 575 0
14 576 0
14 577 0
14 578 0
14 579 0
14 580 0
14 581 0
14 582 0
14 583 0
14 584 0
14 585 0
14 586 0
14 587 0
14 588 0
14 589 0
14 590 0
14 591 0
14 592 0
14 593 0
14 594 0
14 595 0
15 0 45
15 1 100
15 2 100
15 3 100
15 4 100
15 5 100
15 6 100
15 7 100
15 8 100
15 9 100
15 10 100
15 11 100
15 12 100
15 13 100
15 14 100
15 15 100
15 16 100
15 17 100
15 18 100
15 19 100
15 20 100
15 21 100
15 22 100
15 23 100
15 24 100
15 25 100
15 26 100
15 27 100
15 28 100
15 29 100
15 30 100
15 31 100
15 32 100
15 33 100
15 34 100
15 35 100
15 36 100
15 37 100
15 38 100
15 39 100
15 40 100
15 41 100
15 42 100
15 43 100
15 44 100
15 45 100
15 46 100
15 47 100
15 48 100
15 49 100
15 50 100
15 51 100
15 52 100
15 53 100
15 54 100
15 55 100
15 56 100
15 57 100
15 58 100
15 59 100
15 60 100
15 61 100
15 62 100
15 63 100
15 64 100
15 65 100
15 66 100
15 67 100
15 68 100
15 69 100
15 70 100
15 71 100
15 72 100
15 73 100
15 74 100
15 75 100
15 76 100
15 77 100
15 78 100
15 79 100
15 80 100
15 81 100
15 82 100
15 83 100
15 84 100
15 85 100
15 86 100
15 87 100
15 88 100
15 89 100
15 90 100
15 91 100
15 92 100
15 93 100
15 94 100
15 95 100
15 96 100
15 97 100
15 98 100
15 99 100
15 100 100
15 101 100
15 102 100
15 103 100
15 104 100
15 105 100
15 106 100
15 107 100
15 108 100
15 109 100
15 110 100
15 111 100
15 112 100
15 113 100
15 114 100
15 115 100
15 116 100
15 117 100
15 118 100
15 119 100
15 120 100
15 121 100
15 122 100
15 123 100
15 124 100
15 125 100
15 126 100
15 127 100
15 128 100
15 129 100
15 130 100
15 131 100
15 132 100
15 133 100
15 134 100
15 135 100
15 136 100
15 137 100
15 138 100
15 139 100
15 140 100
15 141 100
15 142 100
15 143 100
15 144 100
15 145 100
15 146 100
15 147 100
15 148 100
15 149 100
15 150 100
15 151 100
15 152 100
15 153 100
15 154 100
15 155 100
15 156 100
15 157 100
15 158 100
15 159 100
15 160 100
15 161 100
15 162 100
15 163 100
15 164 100
15 165 100
15 166 100
15 167 100
15 168 100
15 169 100
15 170 100
15 171 100
15 172 100
15 173 100
15 174 100
15 175 100
15 176 100
15 177 100
15 178 100
15 179 100
15 180 100
15 181 100
15 182 100
15 183 100
15 184 100
15 185 100
15 186 100
15 187 100
15 188 100
15 189 100
15 190 100
15 191 100
15 192 100
15 193 100
15 194 100
15 195 100
15 196 100
15 197 100
15 198 100
15 199 100
15 200 100
15 201 100
15 202 100
15 203 100
15 204 100
15 205 100
15 206 100
15 207 100
15 208 100
15 209 100
15 210 100
15 211 100
15 212 100
15 213 100
15 214 100
15 215 100
15 216 100
15 217 100
15 218 100
15 219 100
15 220 100
15 221 100
15 222 100
15 223 100
15 224 100
15 225 100
15 226 100
15 227 100
15 228 100
15 229 100
15 230 100
15 231 100
15 232 100
15 233 100
15 234 100
15 235 100
15 236 65
15 237 25
15 238 0
15 239 90
15 240 25
15 241 0
15 242 20
15 243 5
15 244 25
15 245 0
15 246 0
15 247 50
15 248 25
15 249 0
15 250 0
15 251 0
15 252 25
15 253 25
15 254 25
15 255 0
15 256 0
15 257 0
15 258 0
15 259 0
15 260 0
15 261 0
15 262 0
15 263 0
15 264 0
15 265 0
15 266 0
15 267 0
15 268 0
15 269 0
15 270 0
15 271 0
15 272 0
15 273 0
15 274 0
15 275 0
15 276 0
15 277 0
15 278 0
15 279 0
15 280 0
15 281 0
15 282 0
15 283 0
15 284 0
15 285 0
15 286 25
15 287 0
15 288 0
15 289 0
15 290 0
15 291 0
15 292 0
15 293 0
15 294 0
15 295 0
15 296 0
15 297 0
15 298 0
15 299 0
15 300 0
15 301 0
15 302 0
15 303 0
15 304 0
15 305 0
15 306 0
15 307 0
15 308 0
15 309 0
15 310 0
15 311 0
15 312 0
15 313 0
15 314 0
15 315 0
15 316 0
15 317 0
15 318 0
15 319 0
15 320 0
15 321 0
15 322 0
15 323 0
15 324 0
15 325 0
15 326 0
15 327 0
15 328 0
15 329 0
15 330 0
15 331 0
15 332 0
15 333 0
15 334 0
15 335 0
15 336 0
15 337 0
15 338 0
15 339 0
15 340 0
15 341 0
15 342 0
15 343 0
15 344 0
15 345 0
15 346 0
15 347 0
15 348 0
15 349 0
15 350 0
15 351 0
15 352 0
15 353 0
15 354 0
15 355 0
15 356 0
15 357 0
15 358 0
15 359 0
15 360 0
15 361 0
15 362 0
15 363 0
15 364 0
15 365 0
15 366 0
15 367 0
15 368 0
15 369 0
15 370 0
15 371 0
15 372 0
15 373 0
15 374 0
15 375 0
15 376 0
15 377 0
15 378 0
15 379 0
15 380 0
15 381 0
15 382 0
15 383 0
15 384 0
15 385 0
15 386 0
15 387 0
15 388 0
15 389 0
15 390 0
15 391 0
15 392 0
15 393 0
15 394 0
15 395 0
15 396 0
15 397 0
15 398 0
15 399 0
15 400 0
15 401 0
15 402 0
15 403 0
15 404 0
15 405 0
15 406 0
15 407 0
15 408 0
15 409 0
15 410 0
15 411 0
15 412 0
15 413 0
15 414 0
15 415 0
15 416 0
15 417 0
15 418 0
15 419 0
15 420 0
15 421 0
15 422 0
15 423 0
15 424 0
15 425 0
15 426 0
15 427 0
15 428 0
15 429 0
15 430 0
15 431 0
15 432 0
15 433 0
15 434 0
15 435 0
15 436 0
15 437 0
15 438 0
15 439 0
15 440 0
15 441 0
15 442 0
15 443 0
15 444 0
15 445 0
15 446 0
15 447 0
15 448 0
15 449 0
15 450 0
15 451 0
15 452 0
15 453 0
15 454 0
15 455 0
15 456 0
15 457 0
15 458 0
15 459 0
15 460 0
15 461 0
15 462 0
15 463 0
15 464 0
15 465 0
15 466 0
15 467 0
15 468 0
15 469 0
15 470 0
15 471 0
15 472 0
15 473 0
15 474 0
15 475 0
15 476 0
15 477 0
15 478 0
15 479 0
15 480 0
15 481 0
15 482 0
15 483 0
15 484 0
15 485 0
15 486 0
15 487 0
15 488 0
15 489 0
15 490 0
15 491 0
15 492 0
15 493 0
15 494 0
15 495 0
15 496 0
15 497 0
15 498 0
15 499 0
15 500 0
15 501 0
15 502 0
15 503 0
15 504 0
15 505 0
15 506 0
15 507 0
15 508 0
15 509 0
15 510 0
15 511 0
15 512 0
15 513 0
15 514 0
15 515 0
15 516 0
15 517 0
15 518 0
15 519 0
15 520 0
15 521 0
15 522 0
15 523 0
15 524 0
15 525 0
15 526 0
15 527 0
15 528 0
15 529 0
15 530 0
15 531 0
15 532 0
15 533 0
15 534 0
15 535 0
15 536 0
15 537 0
15 538 0
15 539 0
15 540 0
15 541 0
15 542 0
15 543 0
15 544 0
15 545 0
15 546 0
15 547 0
15 548 0
15 549 0
15 550 0
15 551 0
15 552 0
15 553 0
15 554 0
15 555 0
15 556 0
15 557 0
15 558 0
15 559 0
15 560 0
15 561 0
15 562 0
15 563 0
15 564 0
15 565 0
15 566 0
15 567 0
15 568 0
15 569 0
15 570 0
15 571 0
15 572 0
15 573 0
15 574 0
15 575 0
15 576 0
15 577 0
15 578 0
15 579 0
15 580 0
15 581 0
15 582 0
15 583 0
15 584 0
15 585 0
15 586 0
15 587 0
15 588 0
15 589 0
15 590 0
15 591 0
15 592 0
15 593 0
15 594 0
15 595 0
