0
1.8159575
1
1.736192
2
1.728685
3
1.7358605
4
1.745844
5
1.608184
6
1.534182
7
1.4997575
8
1.554479
9
1.46995
10
1.4071245
11
1.222053
12
1.2048165
13
1.21171
14
1.218359
15
1.3303325
16
1.359531
17
1.3542205
18
1.3580015
19
1.3608945
20
1.265245
21
1.097116
22
1.0996085
23
1.077376
24
1.10641
25
1.143157
26
1.0795265
27
1.08759
28
1.088687
29
1.089901
30
1.0701705
31
1.0827315
32
1.1074525
33
1.064778
34
1.087218
35
1.083602
36
1.080641
37
1.0873685
38
1.0888905
39
1.0780375
40
1.0957195
41
1.086291
42
1.0817135
43
1.075632
44
1.0865045
45
1.0842575
46
1.0982645
47
1.0673535
48
1.0874735
49
1.085541
50
1.1061185
51
1.126045
52
1.117538
53
1.1214535
54
1.118408
55
1.117768
56
1.118113
57
1.117985
58
1.1167755
59
1.121462
60
1.1200435
61
1.1268855
62
1.1149805
63
1.11738
64
1.119948
65
1.123842
66
1.125406
67
1.112849
68
1.1259285
69
1.1150265
70
1.1311635
71
1.119735
72
1.125137
73
1.1167495
74
1.1243425
75
1.1255595
76
1.103171
77
1.111911
78
1.109773
79
1.1063485
80
1.1048675
81
1.1064415
82
1.1129355
83
1.1082015
84
1.109281
85
1.1198225
86
1.120299
87
1.114293
88
1.0875105
89
1.126818
90
1.1129205
91
1.1165475
92
1.0956675
93
1.099451
94
1.081075
95
1.09237
96
1.110399
97
1.1018045
98
1.112205
99
1.0881085
100
1.0857345
101
1.078695
102
1.102282
103
1.0836755
104
1.084282
105
1.0933465
106
1.0793975
107
1.087602
108
1.088978
109
1.0828575
110
1.088487
111
1.097504
112
1.083348
113
1.0874335
114
1.0832165
115
1.0802215
116
1.092882
117
1.0863195
118
1.082218
119
1.08684
120
1.0853595
121
1.079873
122
1.088622
123
1.084085
124
1.111257
125
1.082324
126
1.092613
127
1.078957
128
1.0877135
129
1.082166
130
1.0785825
131
1.087909
132
1.0825185
133
1.0744105
134
1.082958
135
1.0768135
136
1.085728
137
1.0838595
138
1.082612
139
1.0932125
140
1.071753
141
1.086764
142
1.0905065
143
1.066043
144
1.086946
145
1.080405
146
1.082896
147
1.0866835
148
1.08752
149
1.094935
