1
 0 8 13 6
0.0 12.0
9.0 19.0
6.0 4.0
12.0 4.0
18.0 12.0
0.0 4.0
18.0 4.0
9.0 0.0
0 0  1 0  0 0  -1 -1
0 0  2 0  0 0  3 0
1 0  2 0  0 0  1 0
2 0  3 0  1 0  5 0
1 0  3 0  1 0  2 0
3 0  4 0  2 0  4 0
1 0  4 0  2 0 -1 -1
0 0  5 0  3 0 -1 -1
2 0  5 0  3 0 -1 -1
3 0  6 0  4 0 -1 -1
4 0  6 0  4 0 -1 -1
2 0  7 0  5 0 -1 -1
3 0  7 0  5 0 -1 -1
0 0  1 0  2 0    0 0  1 0  2 0
1 0  2 0  3 0    2 0  4 0  3 0
1 0  3 0  4 0    4 0  6 0  5 0
0 0  2 0  5 0    1 0  7 0  8 0
3 0  4 0  6 0    5 0  9 0  10 0
2 0  3 0  7 0    3 0  11 0  12 0
