5
 0 2 3 1
   0.0 20.0
   11.0 12.0
 0 0  1 3     0 0  -1 -1
 0 0  1 0     0 0  0 1
 1 3  1 0     0 0  1 3
 0 0  1 0  1 3     1 0  0 0  2 0  

 1 1 4 2
   20.0 20.0
 0 0  0 1     0 1  -1 -1
 0 1  1 0     0 1  1 1 
 1 0  0 2     1 1  0 4
 0 1  0 2     1 1  0 2
 0 0  0 1  1 0     0 1  1 0  1 1
 0 1  1 0  0 2     1 1  3 1  2 1

 2 2 3 2
   18.0 9.0 
   25.0 20.0
 0 1  1 2     0 2  -1 -1
 1 2  0 2     0 2  1 2
 1 2  0 4     1 2  -1 -1
 0 1  0 2  1 2     3 1  0 2  1 2
 1 2  0 2  0 4     1 2  2 2  2 4

 3 3 4 2
   0.0 0.0
   0.0 7.0
   10.0 0.0
 0 3  1 3     0 3  -1 -1
 0 3  2 3     0 3  -1 -1
 1 3  2 3     0 3  1 3
 2 3  1 0     1 3  0 4
 0 3  1 3  2 3     0 3  1 3  2 3
 1 3  2 3  1 0     2 3  2 0  3 3  

 4 1 3 2
   25.0 0.0
 2 3  0 2     0 4  1 4
 2 3  0 4     1 4  -1 -1
 0 4  0 2     1 4  1 2
 1 0  0 2  2 3     2 1  3 3  0 4
 0 2  2 3  0 4     0 4  2 4  1 4
