5
 0 238 696 458
    0.000000 20.000000
    11.000000 12.000000
    0.000000 13.500000
    2.750000 11.500000
    0.000000 10.250000
    2.750000 14.750000
    5.500000 12.750000
    1.375000 12.500000
    0.000000 16.750000
    0.000000 11.875000
    4.125000 13.750000
    1.375000 9.250000
    1.375000 15.750000
    4.125000 10.500000
    2.750000 13.125000
    1.375000 10.875000
    0.000000 15.125000
    0.687500 11.375000
    2.750000 9.875000
    4.125000 12.125000
    3.437500 11.000000
    3.437500 12.625000
    0.000000 8.625000
    1.375000 14.125000
    6.875000 11.750000
    2.062500 12.000000
    4.125000 15.375000
    2.062500 10.375000
    2.750000 16.375000
    2.062500 13.625000
    3.437500 14.250000
    0.687500 9.750000
    0.687500 14.625000
    0.687500 13.000000
    3.437500 15.875000
    2.062500 15.250000
    5.500000 11.125000
    5.500000 14.375000
    3.437500 9.375000
    4.812500 11.625000
    4.812500 13.250000
    6.875000 13.375000
    4.812500 10.000000
    6.187500 13.875000
    6.187500 12.250000
    4.812500 14.875000
    1.375000 17.375000
    2.062500 8.750000
    0.687500 8.125000
    8.250000 12.375000
    0.687500 16.250000
    0.000000 18.375000
    2.062500 16.875000
    7.562500 12.875000
    6.187500 10.625000
    0.687500 17.875000
    7.562500 11.250000
    8.937500 11.875000
    0.000000 15.937500
    0.687500 17.062500
    0.687500 15.437500
    0.343750 15.687500
    0.343750 16.500000
    0.000000 15.531250
    0.343750 16.093750
    0.000000 16.343750
    0.171875 15.812500
    0.171875 16.218750
    0.000000 16.140625
    0.000000 15.734375
    0.171875 16.015625
    0.085938 16.078125
    0.085938 15.875000
    0.000000 14.312500
    1.375000 16.562500
    1.031250 16.000000
    0.343750 14.875000
    0.687500 15.843750
    1.031250 16.812500
    0.000000 17.562500
    0.687500 16.656250
    0.343750 17.312500
    0.343750 15.281250
    0.515625 15.968750
    0.343750 16.906250
    0.171875 15.406250
    0.343750 15.890625
    0.171875 15.609375
    0.085938 15.671875
    0.257812 15.953125
    0.515625 16.375000
    0.515625 15.562500
    0.515625 15.765625
    0.171875 16.625000
    0.000000 15.328125
    0.257812 15.750000
    0.343750 16.296875
    0.171875 16.421875
    0.515625 16.171875
    0.343750 15.484375
    0.429688 16.031250
    0.085938 15.468750
    0.000000 16.546875
    0.257812 16.156250
    0.429688 16.234375
    0.085938 16.281250
    0.085938 16.484375
    0.429688 15.828125
    0.257812 16.359375
    0.515625 16.781250
    0.257812 15.546875
    0.515625 16.578125
    0.000000 14.718750
    0.343750 16.703125
    1.031250 16.406250
    0.000000 17.156250
    0.171875 15.000000
    0.429688 16.437500
    0.859375 16.531250
    0.859375 16.125000
    0.687500 16.453125
    0.171875 17.031250
    0.257812 16.562500
    0.171875 15.203125
    0.687500 16.046875
    0.171875 16.828125
    0.085938 15.265625
    0.601562 16.312500
    0.601562 16.109375
    0.085938 16.687500
    0.000000 16.039062
    0.085938 15.976562
    0.085938 16.179688
    0.042969 16.007812
    0.042969 16.109375
    0.000000 15.988281
    0.042969 16.058594
    0.000000 16.089844
    0.021484 16.023438
    0.021484 16.074219
    0.000000 16.064453
    0.000000 16.013672
    0.021484 16.048828
    0.010742 16.056641
    0.010742 16.031250
    0.010742 16.043945
    0.000000 15.835938
    0.171875 16.117188
    0.000000 16.026367
    0.042969 15.906250
    0.000000 16.051758
    0.000000 16.242188
    0.128906 16.046875
    0.128906 16.148438
    0.042969 15.957031
    0.085938 16.128906
    0.042969 16.210938
    0.085938 16.027344
    0.042969 16.160156
    0.021484 15.972656
    0.021484 15.998047
    0.010742 16.005859
    0.010742 16.018555
    0.064453 16.093750
    0.064453 15.992188
    0.064453 16.042969
    0.021484 16.125000
    0.000000 15.962891
    0.042969 16.033203
    0.032227 16.015625
    0.042969 16.083984
    0.021484 16.099609
    0.000000 16.000977
    0.042969 15.982422
    0.010742 15.980469
    0.021484 16.010742
    0.064453 16.068359
    0.000000 16.115234
    0.032227 16.041016
    0.053711 16.050781
    0.032227 16.066406
    0.053711 16.076172
    0.010742 16.082031
    0.010742 16.107422
    0.053711 16.063477
    0.000000 16.102539
    0.032227 16.028320
    0.021484 16.036133
    0.021484 16.061523
    0.010742 16.069336
    0.064453 16.017578
    0.000000 15.975586
    0.032227 16.053711
    0.000000 16.077148
    0.032227 16.091797
    0.021484 16.086914
    0.064453 16.144531
    0.032227 15.990234
    0.010742 15.993164
    0.064453 16.119141
    0.042969 16.045898
    0.032227 16.002930
    0.042969 16.071289
    0.010742 16.094727
    0.021484 15.985352
    0.032227 16.079102
    0.000000 15.886719
    0.128906 16.097656
    0.053711 16.025391
    0.042969 16.134766
    0.000000 16.191406
    0.021484 15.921875
    0.053711 16.101562
    0.042969 16.020508
    0.053711 16.038086
    0.053711 16.088867
    0.042969 16.096680
    0.107422 16.062500
    0.107422 16.113281
    0.085938 16.103516
    0.021484 16.175781
    0.032227 16.117188
    0.021484 15.947266
    0.085938 16.052734
    0.021484 16.150391
    0.010742 15.955078
    0.010742 15.967773
    0.021484 16.112305
    0.032227 16.104492
    0.075195 16.085938
    0.075195 16.060547
    0.010742 16.132812
    0.000000 15.950195
    0.064453 16.055664
    0.064453 16.081055
    0.010742 16.120117
    0.075195 16.073242
    0.000000 16.127930
 0 0  51 0     0 0  -1 -1
 0 0  34 1     0 0  50 1
 1 3  16 3     1 0  18 3
 48 0  1 3     41 0  1 0
 2 1  26 0     100 0  92 0
 2 0  9 0     2 0  -1 -1
 37 0  2 1     93 0  3 0
 2 0  33 0     2 0  44 0
 3 0  21 0     4 0  5 0
 42 0  4 3     73 0  71 0
 3 0  15 0     49 0  52 0
 4 0  22 0     6 0  -1 -1
 32 0  2 0     153 0  45 0
 54 0  4 3     72 0  8 0
 3 0  14 0     4 0  48 0
 5 0  23 0     9 0  10 0
 28 0  6 1     7 0  109 0
 3 0  19 0     5 0  38 0
 6 0  36 0     11 0  12 0
 41 0  7 1     113 0  111 0
 5 0  29 0     9 0  26 0
 7 0  25 0     13 0  14 0
 17 0  4 0     17 0  28 0
 6 1  46 0     121 0  110 0
 8 0  102 0     259 0  -1 -1
 18 0  3 0     53 0  37 0
 7 0  9 0     65 0  31 0
 9 0  4 0     17 0  -1 -1
 5 0  30 0     27 0  50 0
 10 0  45 0     18 0  19 0
 40 0  6 0     36 0  74 0
 4 0  31 0     6 0  29 0
 11 0  27 0     20 0  21 0
 47 0  7 3     91 0  33 0
 5 0  35 0     10 0  54 0
 12 0  52 0     22 0  23 0
 50 0  127 0     15 0  129 0
 6 0  39 0     11 0  35 0
 13 0  20 0     24 0  25 0
 38 0  7 3     16 0  34 0
 7 0  14 0     13 0  56 0
 14 0  5 0     26 0  27 0
 14 0  10 0     39 0  58 0
 7 0  15 0     14 0  32 0
 15 0  4 0     28 0  29 0
 15 0  11 0     20 0  60 0
 12 0  60 0     156 0  62 0
 16 0  112 0     30 0  -1 -1
 9 0  17 0     17 0  31 0
 17 0  7 0     31 0  32 0
 17 0  15 0     28 0  32 0
 11 0  18 0     21 0  96 0
 18 0  7 3     33 0  34 0
 18 0  13 0     25 0  76 0
 13 0  19 0     24 0  78 0
 19 0  6 0     35 0  36 0
 19 0  10 0     40 0  80 0
 18 0  20 0     25 0  37 0
 20 0  3 0     37 0  38 0
 20 0  19 0     24 0  38 0
 14 0  21 0     4 0  39 0
 21 0  10 0     39 0  40 0
 21 0  19 0     5 0  40 0
 11 0  22 0     61 0  98 0
 22 0  1 3     41 0  -1 -1
 34 0  5 0     55 0  51 0
 49 0  7 1     112 0  43 0
 7 0  23 0     57 0  64 0
 23 0  2 0     44 0  45 0
 23 0  12 0     69 0  63 0
 6 0  44 0     12 0  82 0
 24 0  53 0     46 0  47 0
 56 0  10 3     108 0  102 0
 14 0  25 0     13 0  48 0
 25 0  3 0     48 0  49 0
 25 0  15 0     14 0  49 0
 10 0  26 0     18 0  59 0
 26 0  5 0     50 0  51 0
 26 0  11 1     42 0  66 0
 15 0  27 0     20 0  52 0
 27 0  3 0     52 0  53 0
 27 0  18 0     21 0  53 0
 12 0  28 0     22 0  68 0
 28 0  5 0     54 0  55 0
 28 0  11 1     107 0  67 0
 14 0  29 0     26 0  56 0
 29 0  7 0     56 0  57 0
 29 0  23 0     9 0  57 0
 14 0  30 0     27 0  58 0
 30 0  10 0     58 0  59 0
 30 0  26 0     50 0  59 0
 15 0  31 0     29 0  60 0
 31 0  11 0     60 0  61 0
 31 0  22 0     6 0  61 0
 16 0  116 0     30 0  248 0
 32 0  12 0     62 0  63 0
 32 0  23 0     45 0  63 0
 23 0  33 0     44 0  64 0
 33 0  7 0     64 0  65 0
 33 0  9 0     2 0  65 0
 26 0  34 0     51 0  66 0
 34 0  11 1     66 0  67 0
 34 0  28 0     55 0  67 0
 28 0  35 0     54 0  68 0
 35 0  12 0     68 0  69 0
 35 0  23 0     10 0  69 0
 43 0  6 0     75 0  83 0
 13 0  36 0     79 0  84 0
 36 0  4 3     71 0  72 0
 36 0  24 0     89 0  114 0
 15 3  13 0     77 0  85 0
 10 0  37 0     19 0  81 0
 37 0  6 0     74 0  75 0
 37 0  13 1     120 0  86 0
 18 0  38 0     34 0  76 0
 38 0  13 0     76 0  77 0
 38 0  15 3     16 0  77 0
 19 0  39 0     35 0  78 0
 39 0  13 0     78 0  79 0
 39 0  36 0     11 0  79 0
 19 0  40 0     36 0  80 0
 40 0  10 0     80 0  81 0
 40 0  37 0     74 0  81 0
 24 0  41 0     46 0  88 0
 41 0  6 0     82 0  83 0
 41 0  13 1     70 0  87 0
 36 0  42 0     71 0  84 0
 42 0  13 0     84 0  85 0
 42 0  15 3     73 0  85 0
 37 0  43 0     75 0  86 0
 43 0  13 1     86 0  87 0
 43 0  41 0     83 0  87 0
 41 0  44 0     82 0  88 0
 44 0  24 0     88 0  89 0
 44 0  36 0     12 0  89 0
 121 0  8 0     232 0  130 0
 16 3  11 0     99 0  97 0
 26 0  45 0     18 0  92 0
 45 0  2 1     92 0  93 0
 45 0  37 0     19 0  93 0
 12 0  74 0     23 0  157 0
 46 0  59 0     162 0  95 0
 46 0  18 1     90 0  116 0
 18 0  47 0     33 0  96 0
 47 0  11 0     96 0  97 0
 47 0  16 3     91 0  97 0
 22 0  48 0     41 0  98 0
 48 0  11 0     98 0  99 0
 48 0  16 3     1 0  99 0
 21 1  26 0     42 0  100 0
 57 0  10 3     103 0  101 0
 24 0  49 0     47 0  118 0
 49 0  10 3     102 0  103 0
 49 0  22 1     125 0  123 0
 118 0  50 0     94 0  154 0
 50 0  119 0     104 0  105 0
 126 0  16 0     193 0  247 0
 18 1  51 0     126 0  117 0
 51 0  79 0     106 0  -1 -1
 26 1  28 0     7 0  107 0
 18 3  24 0     115 0  119 0
 28 0  52 0     22 0  109 0
 52 0  6 1     109 0  110 0
 52 0  46 0     155 0  110 0
 41 0  53 0     46 0  111 0
 53 0  7 1     111 0  112 0
 53 0  49 0     47 0  112 0
 27 1  41 0     70 0  113 0
 36 0  54 0     72 0  114 0
 54 0  24 0     114 0  115 0
 54 0  18 3     8 0  115 0
 46 0  55 0     95 0  116 0
 55 0  18 1     116 0  117 0
 55 0  51 0     106 0  117 0
 49 0  56 0     102 0  118 0
 56 0  24 0     118 0  119 0
 56 0  18 3     108 0  119 0
 29 1  37 0     3 0  120 0
 31 1  46 0     90 0  121 0
 20 3  22 1     124 0  122 0
 49 0  57 0     103 0  123 0
 57 0  22 1     123 0  124 0
 57 0  20 3     101 0  124 0
 33 1  49 0     43 0  125 0
 34 1  51 0     0 0  126 0
 37 1  20 3     122 0  127 0
 50 0  98 0     15 0  257 0
 58 0  206 0     128 0  -1 -1
 50 0  120 0     94 0  129 0
 125 0  8 0     260 0  130 0
 59 0  55 0     95 0  167 0
 50 0  124 0     105 0  258 0
 60 0  82 0     187 0  132 0
 60 0  32 0     62 0  158 0
 58 0  211 0     128 0  429 0
 61 0  107 0     133 0  189 0
 61 0  91 0     131 0  190 0
 58 0  225 0     428 0  448 0
 62 0  122 0     135 0  228 0
 109 0  59 0     165 0  173 0
 61 0  87 0     195 0  223 0
 63 0  94 0     137 0  -1 -1
 61 0  86 0     133 0  194 0
 64 0  70 0     138 0  139 0
 96 0  62 0     235 0  219 0
 62 0  97 0     135 0  220 0
 65 0  151 0     140 0  -1 -1
 64 0  89 0     138 0  177 0
 66 0  95 0     141 0  142 0
 88 0  63 0     146 0  179 0
 64 0  103 0     139 0  196 0
 67 0  108 0     143 0  144 0
 105 0  65 0     140 0  198 0
 67 0  132 0     214 0  298 0
 68 0  237 0     446 0  -1 -1
 66 0  69 0     152 0  181 0
 69 0  63 0     146 0  -1 -1
 66 0  70 0     184 0  151 0
 70 0  131 0     147 0  296 0
 147 0  67 0     210 0  299 0
 229 0  71 0     145 0  264 0
 71 0  218 0     149 0  399 0
 71 0  217 0     148 0  400 0
 70 0  72 0     147 0  151 0
 72 0  66 0     151 0  152 0
 72 0  69 0     288 0  152 0
 32 0  73 0     159 0  153 0
 73 0  2 0     153 0  -1 -1
 50 0  114 0     104 0  154 0
 74 0  46 0     163 0  155 0
 74 0  52 0     23 0  155 0
 60 0  75 0     161 0  156 0
 75 0  12 0     156 0  157 0
 75 0  74 0     231 0  157 0
 60 0  76 0     132 0  158 0
 76 0  32 0     158 0  159 0
 76 0  73 0     227 0  159 0
 92 0  77 0     134 0  160 0
 77 0  60 0     188 0  161 0
 77 0  75 0     239 0  161 0
 59 0  78 0     166 0  162 0
 78 0  46 0     162 0  163 0
 78 0  74 0     230 0  163 0
 55 0  79 0     106 0  168 0
 79 0  115 0     164 0  -1 -1
 62 0  111 0     236 0  221 0
 80 0  59 0     165 0  166 0
 80 0  78 0     237 0  166 0
 59 0  81 0     174 0  167 0
 81 0  55 0     167 0  168 0
 81 0  79 0     164 0  168 0
 61 0  99 0     131 0  224 0
 82 0  123 0     169 0  170 0
 82 0  76 0     132 0  233 0
 64 0  100 0     178 0  200 0
 83 0  128 0     171 0  172 0
 83 0  77 0     134 0  249 0
 113 0  84 0     136 0  222 0
 84 0  59 0     173 0  174 0
 84 0  81 0     243 0  174 0
 63 0  101 0     137 0  180 0
 85 0  110 0     175 0  176 0
 85 0  82 0     169 0  202 0
 66 0  86 0     141 0  183 0
 86 0  64 0     177 0  178 0
 86 0  83 0     217 0  204 0
 66 0  87 0     142 0  182 0
 87 0  63 0     179 0  180 0
 87 0  85 0     175 0  206 0
 69 0  88 0     146 0  181 0
 88 0  66 0     181 0  182 0
 88 0  87 0     179 0  182 0
 86 0  89 0     177 0  183 0
 89 0  66 0     183 0  184 0
 89 0  70 0     138 0  184 0
 64 0  104 0     201 0  197 0
 90 0  117 0     185 0  186 0
 90 0  80 0     241 0  225 0
 82 0  91 0     203 0  187 0
 91 0  60 0     187 0  188 0
 91 0  77 0     160 0  188 0
 83 0  92 0     134 0  218 0
 92 0  61 0     189 0  190 0
 92 0  91 0     160 0  190 0
 65 0  106 0     199 0  208 0
 93 0  129 0     191 0  192 0
 93 0  84 0     136 0  251 0
 85 0  94 0     207 0  253 0
 94 0  16 0     193 0  -1 -1
 86 0  95 0     141 0  194 0
 95 0  61 0     194 0  195 0
 95 0  87 0     142 0  195 0
 67 0  96 0     143 0  209 0
 96 0  64 0     196 0  197 0
 96 0  90 0     185 0  211 0
 67 0  97 0     144 0  213 0
 97 0  65 0     198 0  199 0
 97 0  93 0     245 0  215 0
 83 0  98 0     171 0  205 0
 98 0  64 0     200 0  201 0
 98 0  90 0     255 0  212 0
 85 0  99 0     176 0  202 0
 99 0  82 0     202 0  203 0
 99 0  91 0     131 0  203 0
 86 0  100 0     178 0  204 0
 100 0  83 0     204 0  205 0
 100 0  98 0     200 0  205 0
 87 0  101 0     180 0  206 0
 101 0  85 0     206 0  207 0
 101 0  94 0     137 0  207 0
 93 0  102 0     191 0  216 0
 102 0  65 0     208 0  -1 -1
 96 0  103 0     196 0  209 0
 103 0  67 0     209 0  210 0
 103 0  70 0     139 0  290 0
 96 0  104 0     197 0  211 0
 104 0  90 0     211 0  212 0
 104 0  98 0     201 0  212 0
 97 0  105 0     198 0  213 0
 105 0  67 0     213 0  214 0
 220 0  68 0     405 0  265 0
 97 0  106 0     199 0  215 0
 106 0  93 0     215 0  216 0
 106 0  102 0     208 0  216 0
 86 0  107 0     133 0  217 0
 107 0  83 0     217 0  218 0
 107 0  92 0     189 0  218 0
 96 0  108 0     143 0  219 0
 108 0  62 0     219 0  220 0
 108 0  97 0     144 0  220 0
 80 0  109 0     165 0  226 0
 109 0  62 0     221 0  229 0
 109 0  84 0     173 0  222 0
 87 0  110 0     175 0  223 0
 110 0  61 0     223 0  224 0
 110 0  99 0     176 0  224 0
 90 0  111 0     186 0  225 0
 111 0  80 0     225 0  226 0
 111 0  109 0     221 0  226 0
 76 0  112 0     234 0  227 0
 112 0  73 0     227 0  -1 -1
 93 0  113 0     136 0  246 0
 113 0  62 0     228 0  229 0
 113 0  109 0     222 0  229 0
 78 0  114 0     238 0  230 0
 114 0  74 0     230 0  231 0
 114 0  75 0     240 0  231 0
 81 0  115 0     164 0  244 0
 115 0  8 0     232 0  -1 -1
 82 0  116 0     170 0  233 0
 116 0  76 0     233 0  234 0
 116 0  112 0     30 0  234 0
 96 0  117 0     185 0  235 0
 117 0  62 0     235 0  236 0
 117 0  111 0     186 0  236 0
 80 0  118 0     242 0  237 0
 118 0  78 0     237 0  238 0
 118 0  114 0     154 0  238 0
 77 0  119 0     250 0  239 0
 119 0  75 0     239 0  240 0
 119 0  114 0     104 0  240 0
 90 0  120 0     256 0  241 0
 120 0  80 0     241 0  242 0
 120 0  118 0     94 0  242 0
 84 0  121 0     252 0  243 0
 121 0  81 0     243 0  244 0
 121 0  115 0     232 0  244 0
 97 0  122 0     135 0  245 0
 122 0  93 0     245 0  246 0
 122 0  113 0     228 0  246 0
 85 0  123 0     169 0  254 0
 123 0  16 0     247 0  248 0
 123 0  116 0     170 0  248 0
 83 0  124 0     172 0  249 0
 124 0  77 0     249 0  250 0
 124 0  119 0     105 0  250 0
 93 0  125 0     192 0  251 0
 125 0  84 0     251 0  252 0
 125 0  121 0     130 0  252 0
 94 0  126 0     193 0  253 0
 126 0  85 0     253 0  254 0
 126 0  123 0     247 0  254 0
 98 0  127 0     15 0  255 0
 127 0  90 0     255 0  256 0
 127 0  120 0     129 0  256 0
 98 0  128 0     171 0  257 0
 128 0  50 0     257 0  258 0
 128 0  124 0     172 0  258 0
 102 0  129 0     191 0  259 0
 129 0  8 0     259 0  260 0
 129 0  125 0     192 0  260 0
 71 0  236 0     145 0  444 0
 130 0  148 0     261 0  -1 -1
 71 0  223 0     148 0  445 0
 131 0  154 0     320 0  263 0
 131 0  72 0     147 0  292 0
 71 0  219 0     149 0  264 0
 224 0  68 0     447 0  265 0
 132 0  105 0     214 0  304 0
 130 0  144 0     261 0  287 0
 133 0  208 0     266 0  368 0
 133 0  164 0     262 0  369 0
 130 0  143 0     286 0  294 0
 134 0  221 0     268 0  403 0
 196 0  132 0     302 0  308 0
 133 0  201 0     329 0  380 0
 135 0  191 0     270 0  -1 -1
 133 0  213 0     266 0  330 0
 136 0  192 0     271 0  272 0
 216 0  134 0     408 0  374 0
 134 0  228 0     268 0  375 0
 137 0  193 0     273 0  -1 -1
 136 0  178 0     271 0  386 0
 138 0  169 0     274 0  275 0
 161 0  135 0     335 0  382 0
 136 0  180 0     272 0  390 0
 139 0  194 0     276 0  376 0
 182 0  137 0     273 0  392 0
 139 0  189 0     354 0  282 0
 140 0  150 0     278 0  -1 -1
 138 0  162 0     285 0  314 0
 141 0  172 0     279 0  -1 -1
 138 0  187 0     346 0  284 0
 142 0  145 0     280 0  281 0
 188 0  139 0     350 0  283 0
 140 0  143 0     278 0  367 0
 143 0  139 0     282 0  283 0
 143 0  142 0     281 0  365 0
 142 0  144 0     280 0  363 0
 144 0  138 0     284 0  285 0
 144 0  141 0     291 0  316 0
 143 0  145 0     281 0  286 0
 145 0  130 0     286 0  287 0
 145 0  144 0     280 0  287 0
 72 0  146 0     293 0  288 0
 146 0  69 0     288 0  -1 -1
 207 0  147 0     150 0  289 0
 147 0  70 0     297 0  290 0
 147 0  103 0     210 0  290 0
 144 0  148 0     261 0  291 0
 148 0  141 0     291 0  -1 -1
 131 0  149 0     263 0  292 0
 149 0  72 0     292 0  293 0
 149 0  146 0     398 0  293 0
 143 0  150 0     278 0  294 0
 150 0  130 0     294 0  -1 -1
 105 0  151 0     140 0  305 0
 151 0  210 0     295 0  -1 -1
 131 0  152 0     307 0  296 0
 152 0  70 0     296 0  297 0
 152 0  147 0     289 0  297 0
 132 0  153 0     303 0  298 0
 153 0  67 0     298 0  299 0
 153 0  147 0     150 0  299 0
 133 0  173 0     262 0  381 0
 154 0  222 0     300 0  301 0
 154 0  149 0     263 0  406 0
 134 0  199 0     409 0  378 0
 155 0  132 0     302 0  303 0
 155 0  153 0     420 0  303 0
 132 0  156 0     309 0  304 0
 156 0  105 0     304 0  305 0
 156 0  151 0     295 0  305 0
 190 0  157 0     267 0  306 0
 157 0  131 0     321 0  307 0
 157 0  152 0     418 0  307 0
 209 0  158 0     269 0  379 0
 158 0  132 0     308 0  309 0
 158 0  156 0     424 0  309 0
 135 0  174 0     270 0  383 0
 159 0  197 0     310 0  311 0
 159 0  154 0     300 0  336 0
 138 0  175 0     275 0  315 0
 160 0  198 0     312 0  313 0
 204 0  159 0     310 0  338 0
 141 0  161 0     279 0  317 0
 161 0  138 0     314 0  315 0
 161 0  160 0     312 0  340 0
 144 0  162 0     285 0  316 0
 162 0  141 0     316 0  317 0
 162 0  161 0     314 0  317 0
 136 0  181 0     358 0  391 0
 163 0  212 0     318 0  319 0
 163 0  155 0     422 0  384 0
 154 0  164 0     337 0  320 0
 164 0  131 0     320 0  321 0
 164 0  157 0     306 0  321 0
 136 0  179 0     387 0  357 0
 165 0  230 0     322 0  323 0
 165 0  157 0     267 0  430 0
 137 0  183 0     393 0  359 0
 166 0  231 0     324 0  325 0
 166 0  158 0     269 0  432 0
 159 0  226 0     339 0  434 0
 167 0  232 0     326 0  -1 -1
 138 0  186 0     274 0  345 0
 168 0  200 0     327 0  328 0
 214 0  165 0     401 0  347 0
 160 0  169 0     341 0  388 0
 169 0  133 0     329 0  330 0
 169 0  168 0     361 0  410 0
 139 0  205 0     276 0  349 0
 170 0  202 0     331 0  332 0
 215 0  163 0     318 0  351 0
 195 0  171 0     277 0  353 0
 171 0  203 0     333 0  334 0
 227 0  166 0     426 0  355 0
 161 0  172 0     279 0  335 0
 172 0  135 0     335 0  -1 -1
 159 0  173 0     311 0  336 0
 173 0  154 0     336 0  337 0
 173 0  164 0     262 0  337 0
 160 0  174 0     313 0  394 0
 174 0  159 0     338 0  339 0
 174 0  167 0     370 0  436 0
 161 0  175 0     315 0  340 0
 175 0  160 0     340 0  341 0
 175 0  169 0     275 0  341 0
 165 0  233 0     322 0  348 0
 176 0  184 0     342 0  343 0
 234 0  163 0     442 0  352 0
 166 0  235 0     324 0  356 0
 177 0  185 0     344 0  -1 -1
 168 0  178 0     327 0  360 0
 178 0  138 0     345 0  346 0
 178 0  142 0     371 0  362 0
 168 0  179 0     328 0  412 0
 179 0  165 0     347 0  348 0
 179 0  176 0     342 0  449 0
 170 0  180 0     331 0  396 0
 180 0  139 0     349 0  350 0
 180 0  142 0     372 0  364 0
 170 0  181 0     332 0  414 0
 181 0  163 0     351 0  352 0
 181 0  176 0     343 0  451 0
 171 0  182 0     333 0  353 0
 182 0  139 0     377 0  354 0
 182 0  140 0     373 0  366 0
 171 0  183 0     334 0  438 0
 183 0  166 0     355 0  356 0
 183 0  177 0     344 0  453 0
 179 0  184 0     342 0  357 0
 184 0  136 0     357 0  358 0
 184 0  181 0     343 0  358 0
 183 0  185 0     344 0  359 0
 185 0  137 0     359 0  -1 -1
 178 0  186 0     345 0  360 0
 186 0  168 0     360 0  361 0
 186 0  169 0     274 0  361 0
 178 0  187 0     346 0  362 0
 187 0  142 0     362 0  363 0
 187 0  144 0     284 0  363 0
 180 0  188 0     350 0  364 0
 188 0  142 0     364 0  365 0
 188 0  143 0     283 0  365 0
 182 0  189 0     354 0  366 0
 189 0  140 0     366 0  367 0
 189 0  143 0     282 0  367 0
 165 0  190 0     267 0  402 0
 190 0  133 0     368 0  369 0
 190 0  164 0     306 0  369 0
 174 0  191 0     270 0  370 0
 191 0  167 0     370 0  -1 -1
 178 0  192 0     271 0  371 0
 192 0  142 0     371 0  372 0
 192 0  180 0     272 0  372 0
 182 0  193 0     273 0  373 0
 193 0  140 0     373 0  -1 -1
 170 0  194 0     397 0  416 0
 194 0  134 0     374 0  375 0
 194 0  171 0     277 0  440 0
 194 0  195 0     277 0  376 0
 195 0  139 0     376 0  377 0
 195 0  182 0     353 0  377 0
 155 0  196 0     302 0  385 0
 196 0  134 0     378 0  404 0
 196 0  158 0     308 0  379 0
 160 0  197 0     395 0  389 0
 197 0  133 0     380 0  381 0
 197 0  173 0     311 0  381 0
 161 0  198 0     312 0  382 0
 198 0  135 0     382 0  383 0
 198 0  174 0     313 0  383 0
 163 0  199 0     319 0  384 0
 199 0  155 0     384 0  385 0
 199 0  196 0     378 0  385 0
 178 0  200 0     327 0  386 0
 200 0  136 0     386 0  387 0
 200 0  179 0     328 0  387 0
 169 0  201 0     329 0  388 0
 201 0  160 0     388 0  389 0
 201 0  197 0     380 0  389 0
 180 0  202 0     331 0  390 0
 202 0  136 0     390 0  391 0
 202 0  181 0     332 0  391 0
 182 0  203 0     333 0  392 0
 203 0  137 0     392 0  393 0
 203 0  183 0     334 0  393 0
 174 0  204 0     338 0  394 0
 204 0  160 0     394 0  395 0
 204 0  197 0     310 0  395 0
 180 0  205 0     349 0  396 0
 205 0  170 0     396 0  397 0
 205 0  194 0     276 0  397 0
 149 0  206 0     407 0  398 0
 206 0  146 0     398 0  -1 -1
 153 0  207 0     150 0  421 0
 207 0  71 0     399 0  400 0
 207 0  152 0     289 0  419 0
 168 0  208 0     411 0  413 0
 208 0  165 0     401 0  402 0
 208 0  190 0     368 0  402 0
 166 0  209 0     269 0  427 0
 209 0  134 0     403 0  404 0
 209 0  196 0     379 0  404 0
 156 0  210 0     295 0  425 0
 210 0  68 0     405 0  -1 -1
 154 0  211 0     301 0  406 0
 211 0  149 0     406 0  407 0
 211 0  206 0     128 0  407 0
 170 0  212 0     415 0  417 0
 212 0  134 0     408 0  409 0
 212 0  199 0     319 0  409 0
 169 0  213 0     330 0  410 0
 213 0  168 0     410 0  411 0
 213 0  208 0     266 0  411 0
 179 0  214 0     347 0  412 0
 214 0  168 0     412 0  413 0
 214 0  208 0     401 0  413 0
 181 0  215 0     351 0  414 0
 215 0  170 0     414 0  415 0
 215 0  212 0     318 0  415 0
 194 0  216 0     374 0  416 0
 216 0  170 0     416 0  417 0
 216 0  212 0     408 0  417 0
 157 0  217 0     431 0  418 0
 217 0  152 0     418 0  419 0
 217 0  207 0     400 0  419 0
 155 0  218 0     423 0  420 0
 218 0  153 0     420 0  421 0
 218 0  207 0     399 0  421 0
 163 0  219 0     443 0  422 0
 219 0  155 0     422 0  423 0
 219 0  218 0     149 0  423 0
 158 0  220 0     433 0  424 0
 220 0  156 0     424 0  425 0
 220 0  210 0     405 0  425 0
 171 0  221 0     441 0  439 0
 221 0  166 0     426 0  427 0
 221 0  209 0     403 0  427 0
 159 0  222 0     300 0  435 0
 222 0  58 0     428 0  429 0
 222 0  211 0     301 0  429 0
 165 0  223 0     323 0  430 0
 223 0  157 0     430 0  431 0
 223 0  217 0     148 0  431 0
 166 0  224 0     325 0  432 0
 224 0  158 0     432 0  433 0
 224 0  220 0     265 0  433 0
 167 0  225 0     326 0  437 0
 225 0  159 0     434 0  435 0
 225 0  222 0     428 0  435 0
 174 0  226 0     339 0  436 0
 226 0  167 0     436 0  437 0
 226 0  225 0     434 0  437 0
 183 0  227 0     355 0  438 0
 227 0  171 0     438 0  439 0
 227 0  221 0     426 0  439 0
 194 0  228 0     375 0  440 0
 228 0  171 0     440 0  441 0
 228 0  221 0     268 0  441 0
 176 0  229 0     456 0  452 0
 229 0  163 0     442 0  443 0
 229 0  219 0     264 0  443 0
 176 0  230 0     450 0  455 0
 230 0  71 0     444 0  445 0
 230 0  223 0     323 0  445 0
 177 0  231 0     454 0  457 0
 231 0  68 0     446 0  447 0
 231 0  224 0     325 0  447 0
 225 0  232 0     326 0  448 0
 232 0  58 0     448 0  -1 -1
 179 0  233 0     348 0  449 0
 233 0  176 0     449 0  450 0
 233 0  230 0     322 0  450 0
 181 0  234 0     352 0  451 0
 234 0  176 0     451 0  452 0
 234 0  229 0     442 0  452 0
 183 0  235 0     356 0  453 0
 235 0  177 0     453 0  454 0
 235 0  231 0     324 0  454 0
 230 0  236 0     444 0  455 0
 236 0  176 0     455 0  456 0
 236 0  229 0     145 0  456 0
 231 0  237 0     446 0  457 0
 237 0  177 0     457 0  -1 -1
 0 0  34 1  51 0     1 0  0 0  184 0
 48 0  16 3  1 3     148 0  3 0  2 0
 33 0  9 0  2 0     99 0  7 0  5 0
 37 0  29 1  2 1     177 0  6 0  7 1
 14 0  21 0  3 0     60 0  14 0  8 0
 21 0  3 0  19 0     8 0  62 0  17 0
 31 0  22 0  4 0     93 0  31 0  11 0
 6 1  26 1  28 0     17 1  16 0  159 0
 54 0  18 3  4 3     170 0  13 0  8 3
 29 0  23 0  5 0     87 0  20 0  15 0
 23 0  5 0  35 0     15 0  105 0  34 0
 39 0  36 0  6 0     119 0  37 0  18 0
 36 0  6 0  44 0     18 0  134 0  70 0
 14 0  25 0  7 0     73 0  40 0  21 0
 25 0  7 0  15 0     21 0  75 0  43 0
 50 0  98 0  127 0     186 0  36 0  382 0
 7 3  15 3  38 0     15 3  39 0  116 0
 17 0  4 0  9 0     22 0  48 0  27 0
 26 0  45 0  10 0     137 0  76 0  29 0
 45 0  10 0  37 0     29 0  139 0  111 0
 15 0  27 0  11 0     79 0  45 0  32 0
 27 0  11 0  18 0     32 0  81 0  51 0
 28 0  52 0  12 0     161 0  82 0  35 0
 52 0  12 0  74 0     35 0  230 0  140 0
 19 0  20 0  13 0     59 0  54 0  38 0
 20 0  13 0  18 0     38 0  57 0  53 0
 29 0  5 0  14 0     20 0  85 0  41 0
 5 0  14 0  30 0     41 0  28 0  88 0
 17 0  4 0  15 0     22 0  50 0  44 0
 4 0  15 0  31 0     44 0  31 0  91 0
 116 0  112 0  16 0     351 0  94 0  47 0
 9 0  7 0  17 0     26 0  48 0  49 0
 7 0  17 0  15 0     49 0  43 0  50 0
 47 0  7 3  18 0     33 0  143 0  52 0
 7 3  18 0  38 0     52 0  39 0  114 0
 39 0  6 0  19 0     37 0  117 0  55 0
 6 0  19 0  40 0     55 0  30 0  120 0
 18 0  3 0  20 0     25 0  57 0  58 0
 3 0  20 0  19 0     58 0  17 0  59 0
 14 0  10 0  21 0     42 0  60 0  61 0
 10 0  21 0  19 0     61 0  56 0  62 0
 48 0  1 3  22 0     3 0  146 0  64 0
 11 1  21 1  26 0     30 1  78 0  149 0
 49 0  33 1  7 1     183 0  66 0  19 1
 33 0  2 0  23 0     7 0  97 0  68 0
 2 0  23 0  32 0     68 0  12 0  96 0
 41 0  53 0  24 0     164 0  123 0  71 0
 53 0  24 0  49 0     71 0  166 0  151 0
 14 0  3 0  25 0     14 0  73 0  74 0
 3 0  25 0  15 0     74 0  10 0  75 0
 30 0  5 0  26 0     28 0  90 0  77 0
 5 0  26 0  34 0     77 0  65 0  100 0
 15 0  3 0  27 0     10 0  79 0  80 0
 3 0  27 0  18 0     80 0  25 0  81 0
 35 0  5 0  28 0     34 0  103 0  83 0
 5 0  28 0  34 0     83 0  65 0  102 0
 14 0  7 0  29 0     40 0  85 0  86 0
 7 0  29 0  23 0     86 0  67 0  87 0
 14 0  10 0  30 0     42 0  88 0  89 0
 10 0  30 0  26 0     89 0  76 0  90 0
 15 0  11 0  31 0     45 0  91 0  92 0
 11 0  31 0  22 0     92 0  63 0  93 0
 60 0  12 0  32 0     46 0  193 0  95 0
 12 0  32 0  23 0     95 0  69 0  96 0
 23 0  7 0  33 0     67 0  97 0  98 0
 7 0  33 0  9 0     98 0  26 0  99 0
 26 0  11 1  34 0     78 0  100 0  101 0
 11 1  34 0  28 0     101 0  84 0  102 0
 28 0  12 0  35 0     82 0  103 0  104 0
 12 0  35 0  23 0     104 0  69 0  105 0
 13 1  27 1  41 0     34 1  125 0  167 0
 42 0  4 3  36 0     9 0  126 0  108 0
 4 3  36 0  54 0     108 0  13 0  168 0
 15 3  4 3  42 0     35 3  128 0  9 0
 40 0  6 0  37 0     30 0  122 0  112 0
 6 0  37 0  43 0     112 0  106 0  129 0
 18 0  13 0  38 0     53 0  114 0  115 0
 13 0  38 0  15 3     115 0  110 0  116 0
 19 0  13 0  39 0     54 0  117 0  118 0
 13 0  39 0  36 0     118 0  107 0  119 0
 19 0  10 0  40 0     56 0  120 0  121 0
 10 0  40 0  37 0     121 0  111 0  122 0
 44 0  6 0  41 0     70 0  132 0  124 0
 6 0  41 0  43 0     124 0  106 0  131 0
 36 0  13 0  42 0     107 0  126 0  127 0
 13 0  42 0  15 3     127 0  110 0  128 0
 37 0  13 1  43 0     113 0  129 0  130 0
 13 1  43 0  41 0     130 0  125 0  131 0
 41 0  24 0  44 0     123 0  132 0  133 0
 24 0  44 0  36 0     133 0  109 0  134 0
 18 1  31 1  46 0     49 1  142 0  178 0
 16 3  7 3  47 0     37 3  145 0  33 0
 26 0  2 1  45 0     4 0  137 0  138 0
 2 1  45 0  37 0     138 0  6 0  139 0
 50 0  120 0  118 0     188 0  154 0  363 0
 59 0  46 0  55 0     141 0  190 0  171 0
 18 0  11 0  47 0     51 0  143 0  144 0
 11 0  47 0  16 3     144 0  136 0  145 0
 22 0  11 0  48 0     63 0  146 0  147 0
 11 0  48 0  16 3     147 0  136 0  148 0
 21 1  2 1  26 0     57 1  149 0  4 0
 57 0  20 3  10 3     182 0  150 0  22 3
 56 0  10 3  49 0     72 0  174 0  152 0
 10 3  49 0  57 0     152 0  150 0  180 0
 114 0  119 0  50 0     360 0  228 0  155 0
 119 0  50 0  124 0     155 0  375 0  191 0
 55 0  79 0  51 0     243 0  173 0  158 0
 26 1  11 1  28 0     70 1  159 0  84 0
 18 3  10 3  56 0     42 3  176 0  72 0
 28 0  6 1  52 0     16 0  161 0  162 0
 6 1  52 0  46 0     162 0  23 0  163 0
 41 0  7 1  53 0     19 0  164 0  165 0
 7 1  53 0  49 0     165 0  66 0  166 0
 27 1  7 1  41 0     72 1  167 0  19 0
 36 0  24 0  54 0     109 0  168 0  169 0
 24 0  54 0  18 3     169 0  160 0  170 0
 46 0  18 1  55 0     142 0  171 0  172 0
 18 1  55 0  51 0     172 0  157 0  173 0
 49 0  24 0  56 0     151 0  174 0  175 0
 24 0  56 0  18 3     175 0  160 0  176 0
 29 1  13 1  37 0     77 1  177 0  113 0
 31 1  6 1  46 0     82 1  178 0  23 0
 20 3  37 1  22 1     185 0  179 0  59 1
 49 0  22 1  57 0     153 0  180 0  181 0
 22 1  57 0  20 3     181 0  179 0  182 0
 33 1  22 1  49 0     86 1  183 0  153 0
 34 1  18 1  51 0     88 1  184 0  157 0
 37 1  1 0  20 3     97 1  185 0  48 3
 211 0  206 0  58 0     619 0  194 0  187 0
 50 0  127 0  120 0     36 0  188 0  384 0
 8 0  125 0  121 0     189 0  135 0  378 0
 61 0  99 0  91 0     251 0  196 0  303 0
 82 0  60 0  76 0     192 0  253 0  234 0
 86 0  107 0  61 0     324 0  202 0  195 0
 83 0  92 0  77 0     281 0  256 0  237 0
 97 0  122 0  62 0     367 0  205 0  198 0
 93 0  113 0  84 0     341 0  286 0  257 0
 101 0  94 0  63 0     309 0  260 0  201 0
 89 0  70 0  64 0     274 0  207 0  203 0
 70 0  64 0  103 0     203 0  314 0  210 0
 105 0  151 0  65 0     446 0  212 0  206 0
 86 0  95 0  66 0     289 0  263 0  208 0
 95 0  66 0  87 0     208 0  291 0  266 0
 96 0  108 0  67 0     327 0  292 0  211 0
 108 0  67 0  97 0     211 0  329 0  295 0
 71 0  236 0  229 0     391 0  220 0  693 0
 88 0  63 0  69 0     209 0  269 0  216 0
 72 0  131 0  70 0     395 0  223 0  218 0
 223 0  217 0  71 0     655 0  393 0  222 0
 219 0  218 0  71 0     643 0  396 0  221 0
 153 0  207 0  147 0     606 0  453 0  436 0
 70 0  66 0  72 0     217 0  223 0  224 0
 66 0  72 0  69 0     224 0  215 0  225 0
 32 0  2 0  73 0     12 0  226 0  227 0
 50 0  118 0  114 0     154 0  228 0  357 0
 46 0  74 0  52 0     229 0  163 0  230 0
 60 0  12 0  75 0     46 0  231 0  232 0
 12 0  75 0  74 0     232 0  140 0  233 0
 60 0  32 0  76 0     193 0  234 0  235 0
 32 0  76 0  73 0     235 0  226 0  236 0
 92 0  91 0  77 0     283 0  237 0  280 0
 60 0  77 0  75 0     238 0  231 0  239 0
 59 0  46 0  78 0     141 0  240 0  241 0
 46 0  78 0  74 0     241 0  229 0  242 0
 81 0  115 0  79 0     347 0  250 0  244 0
 109 0  59 0  80 0     199 0  330 0  246 0
 59 0  80 0  78 0     246 0  240 0  247 0
 59 0  55 0  81 0     190 0  248 0  249 0
 55 0  81 0  79 0     249 0  243 0  250 0
 85 0  123 0  82 0     370 0  262 0  252 0
 123 0  82 0  116 0     252 0  372 0  349 0
 98 0  128 0  83 0     385 0  298 0  255 0
 128 0  83 0  124 0     255 0  387 0  373 0
 109 0  59 0  84 0     199 0  332 0  258 0
 59 0  84 0  81 0     258 0  248 0  259 0
 87 0  110 0  85 0     333 0  268 0  261 0
 110 0  85 0  99 0     261 0  335 0  301 0
 89 0  64 0  86 0     207 0  272 0  264 0
 64 0  86 0  100 0     264 0  254 0  304 0
 88 0  63 0  87 0     209 0  271 0  267 0
 63 0  87 0  101 0     267 0  260 0  307 0
 69 0  66 0  88 0     215 0  269 0  270 0
 66 0  88 0  87 0     270 0  266 0  271 0
 86 0  66 0  89 0     263 0  272 0  273 0
 66 0  89 0  70 0     273 0  217 0  274 0
 96 0  117 0  90 0     352 0  294 0  276 0
 117 0  90 0  111 0     276 0  354 0  336 0
 82 0  60 0  91 0     192 0  278 0  279 0
 60 0  91 0  77 0     279 0  238 0  280 0
 107 0  61 0  92 0     195 0  326 0  282 0
 61 0  92 0  91 0     282 0  196 0  283 0
 102 0  129 0  93 0     388 0  310 0  285 0
 129 0  93 0  125 0     285 0  390 0  376 0
 126 0  16 0  94 0     156 0  379 0  288 0
 86 0  61 0  95 0     202 0  289 0  290 0
 61 0  95 0  87 0     290 0  200 0  291 0
 103 0  64 0  96 0     210 0  312 0  293 0
 64 0  96 0  104 0     293 0  275 0  315 0
 105 0  65 0  97 0     212 0  318 0  296 0
 65 0  97 0  106 0     296 0  284 0  321 0
 100 0  64 0  98 0     254 0  306 0  299 0
 64 0  98 0  104 0     299 0  275 0  317 0
 85 0  82 0  99 0     262 0  301 0  302 0
 82 0  99 0  91 0     302 0  278 0  303 0
 86 0  83 0  100 0     265 0  304 0  305 0
 83 0  100 0  98 0     305 0  298 0  306 0
 87 0  85 0  101 0     268 0  307 0  308 0
 85 0  101 0  94 0     308 0  287 0  309 0
 106 0  65 0  102 0     284 0  323 0  311 0
 96 0  67 0  103 0     292 0  312 0  313 0
 67 0  103 0  147 0     313 0  219 0  438 0
 96 0  90 0  104 0     294 0  315 0  316 0
 90 0  104 0  98 0     316 0  300 0  317 0
 97 0  67 0  105 0     295 0  318 0  319 0
 67 0  105 0  132 0     319 0  213 0  398 0
 97 0  93 0  106 0     297 0  321 0  322 0
 93 0  106 0  102 0     322 0  310 0  323 0
 86 0  83 0  107 0     265 0  324 0  325 0
 83 0  107 0  92 0     325 0  281 0  326 0
 96 0  62 0  108 0     204 0  327 0  328 0
 62 0  108 0  97 0     328 0  205 0  329 0
 111 0  62 0  109 0     245 0  338 0  331 0
 113 0  109 0  84 0     343 0  257 0  332 0
 87 0  61 0  110 0     200 0  333 0  334 0
 61 0  110 0  99 0     334 0  251 0  335 0
 90 0  80 0  111 0     277 0  336 0  337 0
 80 0  111 0  109 0     337 0  330 0  338 0
 76 0  73 0  112 0     236 0  339 0  340 0
 122 0  62 0  113 0     198 0  369 0  342 0
 62 0  113 0  109 0     342 0  331 0  343 0
 78 0  74 0  114 0     242 0  344 0  345 0
 74 0  114 0  75 0     345 0  233 0  346 0
 121 0  8 0  115 0     135 0  366 0  348 0
 82 0  76 0  116 0     253 0  349 0  350 0
 76 0  116 0  112 0     350 0  339 0  351 0
 96 0  62 0  117 0     204 0  352 0  353 0
 62 0  117 0  111 0     353 0  245 0  354 0
 80 0  78 0  118 0     247 0  355 0  356 0
 78 0  118 0  114 0     356 0  344 0  357 0
 77 0  75 0  119 0     239 0  358 0  359 0
 75 0  119 0  114 0     359 0  346 0  360 0
 90 0  80 0  120 0     277 0  361 0  362 0
 80 0  120 0  118 0     362 0  355 0  363 0
 84 0  81 0  121 0     259 0  364 0  365 0
 81 0  121 0  115 0     365 0  347 0  366 0
 97 0  93 0  122 0     297 0  367 0  368 0
 93 0  122 0  113 0     368 0  341 0  369 0
 126 0  16 0  123 0     156 0  381 0  371 0
 16 0  123 0  116 0     371 0  94 0  372 0
 83 0  77 0  124 0     256 0  373 0  374 0
 77 0  124 0  119 0     374 0  358 0  375 0
 93 0  84 0  125 0     286 0  376 0  377 0
 84 0  125 0  121 0     377 0  364 0  378 0
 94 0  85 0  126 0     287 0  379 0  380 0
 85 0  126 0  123 0     380 0  370 0  381 0
 98 0  90 0  127 0     300 0  382 0  383 0
 90 0  127 0  120 0     383 0  361 0  384 0
 98 0  50 0  128 0     186 0  385 0  386 0
 50 0  128 0  124 0     386 0  191 0  387 0
 102 0  8 0  129 0     24 0  388 0  389 0
 8 0  129 0  125 0     389 0  189 0  390 0
 144 0  148 0  130 0     439 0  399 0  392 0
 133 0  173 0  164 0     454 0  401 0  511 0
 154 0  131 0  149 0     394 0  456 0  441 0
 71 0  229 0  219 0     220 0  396 0  673 0
 68 0  224 0  220 0     397 0  320 0  658 0
 213 0  208 0  133 0     625 0  407 0  400 0
 165 0  190 0  157 0     558 0  489 0  463 0
 228 0  221 0  134 0     670 0  410 0  403 0
 166 0  209 0  158 0     612 0  492 0  466 0
 174 0  191 0  135 0     561 0  469 0  406 0
 178 0  192 0  136 0     563 0  412 0  408 0
 192 0  136 0  180 0     408 0  565 0  415 0
 182 0  193 0  137 0     566 0  417 0  411 0
 186 0  169 0  138 0     548 0  495 0  413 0
 169 0  138 0  175 0     413 0  517 0  472 0
 205 0  194 0  139 0     603 0  501 0  416 0
 194 0  195 0  171 0     571 0  570 0  504 0
 143 0  150 0  140 0     444 0  425 0  419 0
 161 0  172 0  141 0     507 0  475 0  421 0
 144 0  145 0  142 0     433 0  428 0  423 0
 145 0  142 0  143 0     423 0  431 0  427 0
 189 0  139 0  143 0     418 0  557 0  426 0
 139 0  143 0  188 0     426 0  424 0  554 0
 187 0  138 0  144 0     422 0  551 0  429 0
 138 0  144 0  162 0     429 0  420 0  478 0
 143 0  130 0  145 0     402 0  431 0  432 0
 130 0  145 0  144 0     432 0  399 0  433 0
 72 0  69 0  146 0     225 0  434 0  435 0
 207 0  152 0  147 0     608 0  436 0  450 0
 70 0  147 0  103 0     437 0  314 0  438 0
 144 0  141 0  148 0     430 0  439 0  440 0
 131 0  72 0  149 0     395 0  441 0  442 0
 72 0  149 0  146 0     442 0  434 0  443 0
 143 0  130 0  150 0     402 0  444 0  445 0
 156 0  210 0  151 0     615 0  462 0  447 0
 131 0  70 0  152 0     218 0  448 0  449 0
 70 0  152 0  147 0     449 0  437 0  450 0
 132 0  67 0  153 0     213 0  451 0  452 0
 67 0  153 0  147 0     452 0  219 0  453 0
 159 0  222 0  154 0     650 0  471 0  455 0
 222 0  154 0  211 0     455 0  652 0  617 0
 196 0  132 0  155 0     404 0  574 0  458 0
 132 0  155 0  153 0     458 0  451 0  459 0
 132 0  105 0  156 0     398 0  460 0  461 0
 105 0  156 0  151 0     461 0  446 0  462 0
 190 0  164 0  157 0     560 0  463 0  486 0
 131 0  157 0  152 0     464 0  448 0  465 0
 196 0  132 0  158 0     404 0  576 0  467 0
 132 0  158 0  156 0     467 0  460 0  468 0
 204 0  197 0  159 0     600 0  474 0  470 0
 197 0  159 0  173 0     470 0  579 0  509 0
 161 0  198 0  160 0     580 0  477 0  473 0
 198 0  160 0  174 0     473 0  582 0  512 0
 162 0  138 0  161 0     420 0  480 0  476 0
 138 0  161 0  175 0     476 0  472 0  515 0
 144 0  141 0  162 0     430 0  478 0  479 0
 141 0  162 0  161 0     479 0  475 0  480 0
 215 0  212 0  163 0     631 0  503 0  482 0
 212 0  163 0  199 0     482 0  622 0  583 0
 154 0  131 0  164 0     394 0  484 0  485 0
 131 0  164 0  157 0     485 0  464 0  486 0
 233 0  230 0  165 0     684 0  518 0  488 0
 230 0  165 0  223 0     488 0  676 0  653 0
 235 0  231 0  166 0     690 0  521 0  491 0
 231 0  166 0  224 0     491 0  679 0  656 0
 225 0  232 0  167 0     680 0  659 0  494 0
 178 0  200 0  168 0     586 0  523 0  496 0
 200 0  168 0  179 0     496 0  588 0  526 0
 201 0  133 0  169 0     405 0  589 0  499 0
 133 0  169 0  213 0     499 0  407 0  623 0
 180 0  202 0  170 0     592 0  529 0  502 0
 202 0  170 0  181 0     502 0  594 0  532 0
 182 0  203 0  171 0     595 0  535 0  505 0
 203 0  171 0  183 0     505 0  597 0  538 0
 161 0  135 0  172 0     414 0  507 0  508 0
 159 0  154 0  173 0     471 0  509 0  510 0
 154 0  173 0  164 0     510 0  484 0  511 0
 204 0  159 0  174 0     474 0  598 0  513 0
 159 0  174 0  226 0     513 0  493 0  662 0
 161 0  160 0  175 0     477 0  515 0  516 0
 160 0  175 0  169 0     516 0  498 0  517 0
 179 0  184 0  176 0     541 0  528 0  519 0
 184 0  176 0  181 0     519 0  543 0  534 0
 183 0  185 0  177 0     544 0  540 0  522 0
 186 0  138 0  178 0     495 0  546 0  524 0
 138 0  178 0  187 0     524 0  422 0  549 0
 214 0  165 0  179 0     497 0  626 0  527 0
 165 0  179 0  233 0     527 0  518 0  682 0
 205 0  139 0  180 0     501 0  601 0  530 0
 139 0  180 0  188 0     530 0  424 0  552 0
 215 0  163 0  181 0     503 0  629 0  533 0
 163 0  181 0  234 0     533 0  520 0  685 0
 171 0  195 0  182 0     504 0  535 0  573 0
 139 0  182 0  189 0     536 0  418 0  555 0
 227 0  166 0  183 0     506 0  665 0  539 0
 166 0  183 0  235 0     539 0  521 0  688 0
 179 0  136 0  184 0     487 0  541 0  542 0
 136 0  184 0  181 0     542 0  481 0  543 0
 183 0  137 0  185 0     490 0  544 0  545 0
 178 0  168 0  186 0     523 0  546 0  547 0
 168 0  186 0  169 0     547 0  500 0  548 0
 178 0  142 0  187 0     525 0  549 0  550 0
 142 0  187 0  144 0     550 0  428 0  551 0
 180 0  142 0  188 0     531 0  552 0  553 0
 142 0  188 0  143 0     553 0  427 0  554 0
 182 0  140 0  189 0     537 0  555 0  556 0
 140 0  189 0  143 0     556 0  425 0  557 0
 208 0  133 0  190 0     400 0  611 0  559 0
 133 0  190 0  164 0     559 0  401 0  560 0
 174 0  167 0  191 0     514 0  561 0  562 0
 178 0  142 0  192 0     525 0  563 0  564 0
 142 0  192 0  180 0     564 0  531 0  565 0
 182 0  140 0  193 0     537 0  566 0  567 0
 216 0  134 0  194 0     409 0  632 0  569 0
 134 0  194 0  228 0     569 0  410 0  668 0
 194 0  139 0  195 0     416 0  571 0  572 0
 139 0  195 0  182 0     572 0  536 0  573 0
 199 0  134 0  196 0     457 0  585 0  575 0
 209 0  196 0  158 0     614 0  466 0  576 0
 201 0  133 0  197 0     405 0  591 0  578 0
 133 0  197 0  173 0     578 0  454 0  579 0
 161 0  135 0  198 0     414 0  580 0  581 0
 135 0  198 0  174 0     581 0  469 0  582 0
 163 0  155 0  199 0     483 0  583 0  584 0
 155 0  199 0  196 0     584 0  574 0  585 0
 178 0  136 0  200 0     412 0  586 0  587 0
 136 0  200 0  179 0     587 0  487 0  588 0
 169 0  160 0  201 0     498 0  589 0  590 0
 160 0  201 0  197 0     590 0  577 0  591 0
 180 0  136 0  202 0     415 0  592 0  593 0
 136 0  202 0  181 0     593 0  481 0  594 0
 182 0  137 0  203 0     417 0  595 0  596 0
 137 0  203 0  183 0     596 0  490 0  597 0
 174 0  160 0  204 0     512 0  598 0  599 0
 160 0  204 0  197 0     599 0  577 0  600 0
 180 0  170 0  205 0     529 0  601 0  602 0
 170 0  205 0  194 0     602 0  568 0  603 0
 149 0  146 0  206 0     443 0  604 0  605 0
 218 0  71 0  207 0     221 0  640 0  607 0
 71 0  207 0  217 0     607 0  222 0  637 0
 214 0  165 0  208 0     497 0  628 0  610 0
 165 0  208 0  190 0     610 0  558 0  611 0
 221 0  134 0  209 0     403 0  649 0  613 0
 134 0  209 0  196 0     613 0  575 0  614 0
 220 0  68 0  210 0     320 0  646 0  616 0
 154 0  149 0  211 0     456 0  617 0  618 0
 149 0  211 0  206 0     618 0  604 0  619 0
 216 0  134 0  212 0     409 0  634 0  621 0
 134 0  212 0  199 0     621 0  457 0  622 0
 169 0  168 0  213 0     500 0  623 0  624 0
 168 0  213 0  208 0     624 0  609 0  625 0
 179 0  168 0  214 0     526 0  626 0  627 0
 168 0  214 0  208 0     627 0  609 0  628 0
 181 0  170 0  215 0     532 0  629 0  630 0
 170 0  215 0  212 0     630 0  620 0  631 0
 194 0  170 0  216 0     568 0  632 0  633 0
 170 0  216 0  212 0     633 0  620 0  634 0
 157 0  152 0  217 0     465 0  635 0  636 0
 152 0  217 0  207 0     636 0  608 0  637 0
 155 0  153 0  218 0     459 0  638 0  639 0
 153 0  218 0  207 0     639 0  606 0  640 0
 163 0  155 0  219 0     483 0  641 0  642 0
 155 0  219 0  218 0     642 0  638 0  643 0
 158 0  156 0  220 0     468 0  644 0  645 0
 156 0  220 0  210 0     645 0  615 0  646 0
 227 0  166 0  221 0     506 0  667 0  648 0
 166 0  221 0  209 0     648 0  612 0  649 0
 225 0  58 0  222 0     197 0  661 0  651 0
 58 0  222 0  211 0     651 0  194 0  652 0
 165 0  157 0  223 0     489 0  653 0  654 0
 157 0  223 0  217 0     654 0  635 0  655 0
 166 0  158 0  224 0     492 0  656 0  657 0
 158 0  224 0  220 0     657 0  644 0  658 0
 226 0  159 0  225 0     493 0  664 0  660 0
 159 0  225 0  222 0     660 0  650 0  661 0
 174 0  167 0  226 0     514 0  662 0  663 0
 167 0  226 0  225 0     663 0  659 0  664 0
 183 0  171 0  227 0     538 0  665 0  666 0
 171 0  227 0  221 0     666 0  647 0  667 0
 194 0  171 0  228 0     570 0  668 0  669 0
 171 0  228 0  221 0     669 0  647 0  670 0
 234 0  163 0  229 0     520 0  687 0  672 0
 163 0  229 0  219 0     672 0  641 0  673 0
 236 0  71 0  230 0     391 0  691 0  675 0
 71 0  230 0  223 0     675 0  393 0  676 0
 237 0  68 0  231 0     214 0  694 0  678 0
 68 0  231 0  224 0     678 0  397 0  679 0
 225 0  58 0  232 0     197 0  680 0  681 0
 179 0  176 0  233 0     528 0  682 0  683 0
 176 0  233 0  230 0     683 0  674 0  684 0
 181 0  176 0  234 0     534 0  685 0  686 0
 176 0  234 0  229 0     686 0  671 0  687 0
 183 0  177 0  235 0     540 0  688 0  689 0
 177 0  235 0  231 0     689 0  677 0  690 0
 230 0  176 0  236 0     674 0  691 0  692 0
 176 0  236 0  229 0     692 0  671 0  693 0
 231 0  177 0  237 0     677 0  694 0  695 0

 1 38 98 59
    20.000000 20.000000
    10.000000 20.000000
    5.500000 16.000000
    5.000000 20.000000
    15.500000 16.000000
    10.500000 16.000000
    2.750000 18.000000
    8.250000 14.000000
    7.750000 18.000000
    5.250000 18.000000
    8.000000 16.000000
    4.125000 17.000000
    2.500000 20.000000
    6.875000 15.000000
    6.625000 17.000000
    5.375000 17.000000
    13.250000 14.000000
    10.750000 14.000000
    1.375000 19.000000
    3.875000 19.000000
    4.000000 18.000000
    4.812500 16.500000
    9.625000 13.000000
    9.375000 15.000000
    8.125000 15.000000
    6.750000 16.000000
    3.437500 17.500000
    7.562500 14.500000
    2.625000 19.000000
    6.187500 15.500000
    9.500000 14.000000
    2.062500 18.500000
    1.250000 20.000000
    8.937500 13.500000
    0.687500 19.500000
    12.125000 13.000000
    10.875000 13.000000
    10.312500 12.500000
 1 1  0 1     5 1  -1 -1
 35 1  1 0     0 1  53 1
 4 4  0 2     1 1  6 4
 0 1  0 2     6 1  0 2
 1 0  36 1     0 1  58 1
 1 1  3 1     11 1  -1 -1
 14 1  2 1     2 1  41 1
 2 1  29 1     40 1  3 0
 2 1  15 1     2 1  34 1
 3 1  12 1     4 1  -1 -1
 1 1  4 1     8 1  5 1
 4 1  0 1     5 1  6 1
 4 1  0 2     1 1  6 1
 10 1  5 1     36 1  7 1
 5 1  1 1     12 1  8 1
 5 1  4 1     25 1  8 1
 3 1  19 1     4 1  13 1
 6 1  26 1     32 1  7 0
 23 1  7 1     3 1  48 1
 7 1  33 1     47 1  43 0
 3 1  8 1     14 1  11 1
 8 1  1 1     11 1  12 1
 8 1  5 1     7 1  12 1
 20 1  9 1     9 1  30 1
 9 1  3 1     13 1  14 1
 9 1  8 1     20 1  14 1
 7 1  24 1     3 1  43 1
 10 1  25 1     15 1  16 1
 10 1  8 1     7 1  21 1
 9 1  11 1     9 1  22 1
 11 1  21 1     17 1  42 0
 6 1  28 1     31 1  49 1
 12 1  32 1     18 1  -1 -1
 10 1  13 1     15 1  38 1
 13 1  27 1     19 1  70 0
 9 1  14 1     23 1  20 1
 14 1  8 1     20 1  21 1
 14 1  10 1     16 1  21 1
 11 1  15 1     17 1  22 1
 15 1  9 1     22 1  23 1
 15 1  14 1     2 1  23 1
 4 4  4 1     1 1  26 1
 5 1  16 1     28 1  25 1
 16 1  4 1     25 1  26 1
 16 1  4 4     24 1  26 1
 30 1  17 1     10 1  27 1
 17 1  5 1     37 1  28 1
 17 1  16 1     54 1  28 1
 12 1  18 1     18 1  44 1
 18 1  31 1     29 1  90 0
 9 1  19 1     13 1  30 1
 19 1  6 1     33 1  31 1
 19 1  12 1     4 1  45 1
 11 1  20 1     9 1  42 1
 20 1  6 1     32 1  33 1
 20 1  19 1     30 1  33 1
 15 1  21 1     17 1  34 1
 21 1  2 1     34 1  100 0
 17 1  22 1     10 1  56 1
 22 1  37 1     35 1  122 0
 10 1  23 1     39 1  36 1
 23 1  5 1     36 1  37 1
 23 1  17 1     27 1  37 1
 13 1  24 1     19 1  38 1
 24 1  10 1     38 1  39 1
 24 1  23 1     3 1  39 1
 13 1  25 1     15 1  46 1
 25 1  2 1     40 1  41 1
 25 1  14 1     16 1  41 1
 20 1  26 1     32 1  42 1
 26 1  11 1     42 1  107 0
 24 1  27 1     19 1  43 1
 27 1  7 1     43 1  113 0
 18 1  28 1     29 1  44 1
 28 1  12 1     44 1  45 1
 28 1  19 1     31 1  45 1
 25 1  29 1     40 1  46 1
 29 1  13 1     46 1  120 0
 22 1  30 1     10 1  51 1
 30 1  7 1     47 1  48 1
 30 1  23 1     27 1  48 1
 28 1  31 1     29 1  49 1
 31 1  6 1     49 1  121 0
 18 1  32 1     18 1  52 1
 32 1  0 0     50 1  -1 -1
 30 1  33 1     47 1  51 1
 33 1  22 1     51 1  125 0
 32 1  34 1     50 1  52 1
 34 1  18 1     52 1  126 0
 7 4  16 1     24 1  55 1
 17 1  35 1     57 1  54 1
 35 1  16 1     54 1  55 1
 35 1  7 4     53 1  55 1
 22 1  36 1     35 1  56 1
 36 1  17 1     56 1  57 1
 36 1  35 1     0 1  57 1
 36 1  37 1     35 1  58 1
 37 1  1 0     58 1  127 0
 36 1  35 1  1 0     95 1  4 1  1 1
 4 1  4 4  0 2     41 1  12 1  2 1
 2 1  15 1  14 1     8 1  6 1  40 1
 23 1  7 1  24 1     18 1  65 1  26 1
 19 1  12 1  3 1     52 1  16 1  9 1
 1 1  0 1  4 1     0 1  10 1  11 1
 0 1  4 1  0 2     11 1  3 1  12 1
 10 1  8 1  5 1     28 1  13 1  22 1
 1 1  5 1  4 1     14 1  10 1  15 1
 9 1  11 1  20 1     29 1  23 1  53 1
 17 1  22 1  30 1     58 1  45 1  78 1
 3 1  1 1  8 1     5 1  20 1  21 1
 1 1  8 1  5 1     21 1  14 1  22 1
 19 1  3 1  9 1     16 1  50 1  24 1
 3 1  9 1  8 1     24 1  20 1  25 1
 13 1  25 1  10 1     66 1  33 1  27 1
 25 1  10 1  14 1     27 1  68 1  37 1
 15 1  21 1  11 1     56 1  38 1  30 1
 18 1  32 1  12 1     83 1  48 1  32 1
 24 1  27 1  13 1     71 1  63 1  34 1
 9 1  8 1  14 1     25 1  35 1  36 1
 8 1  14 1  10 1     36 1  28 1  37 1
 11 1  9 1  15 1     29 1  38 1  39 1
 9 1  15 1  14 1     39 1  35 1  40 1
 4 4  7 4  16 1     13 4  44 1  89 1
 5 1  4 1  16 1     15 1  42 1  43 1
 4 1  16 1  4 4     43 1  41 1  44 1
 30 1  23 1  17 1     80 1  45 1  62 1
 5 1  17 1  16 1     46 1  42 1  47 1
 28 1  31 1  18 1     81 1  73 1  49 1
 9 1  20 1  19 1     23 1  50 1  55 1
 6 1  19 1  28 1     51 1  31 1  75 1
 26 1  6 1  20 1     17 1  69 1  54 1
 6 1  20 1  19 1     54 1  51 1  55 1
 15 1  2 1  21 1     8 1  56 1  57 1
 36 1  37 1  22 1     96 1  93 1  59 1
 10 1  5 1  23 1     13 1  60 1  61 1
 5 1  23 1  17 1     61 1  46 1  62 1
 13 1  10 1  24 1     33 1  63 1  64 1
 10 1  24 1  23 1     64 1  60 1  65 1
 29 1  2 1  25 1     7 1  76 1  67 1
 2 1  25 1  14 1     67 1  6 1  68 1
 20 1  11 1  26 1     53 1  69 1  70 1
 24 1  7 1  27 1     26 1  71 1  72 1
 18 1  12 1  28 1     48 1  73 1  74 1
 12 1  28 1  19 1     74 1  52 1  75 1
 25 1  13 1  29 1     66 1  76 1  77 1
 33 1  7 1  30 1     19 1  85 1  79 1
 7 1  30 1  23 1     79 1  18 1  80 1
 28 1  6 1  31 1     31 1  81 1  82 1
 34 1  0 0  32 1     1 0  87 1  84 1
 30 1  22 1  33 1     78 1  85 1  86 1
 32 1  18 1  34 1     83 1  87 1  88 1
 7 4  1 0  35 1     20 4  92 1  1 1
 17 1  16 1  35 1     47 1  90 1  91 1
 16 1  35 1  7 4     91 1  89 1  92 1
 22 1  17 1  36 1     58 1  93 1  94 1
 17 1  36 1  35 1     94 1  90 1  95 1
 36 1  1 0  37 1     4 1  96 1  97 1

 2 2 3 2
    18.000000 9.000000
    25.000000 20.000000
 0 1  1 2     0 2  -1 -1
 1 2  0 2     0 2  1 2
 1 2  0 4     1 2  -1 -1
 0 1  0 2  1 2     3 1  0 2  1 2
 1 2  0 2  0 4     1 2  2 2  2 4

 3 21 49 29
    0.000000 0.000000
    0.000000 7.000000
    10.000000 0.000000
    5.000000 3.500000
    5.500000 9.500000
    0.000000 3.500000
    2.500000 5.250000
    2.750000 8.250000
    10.500000 6.000000
    8.000000 7.750000
    8.250000 10.750000
    5.250000 6.500000
    4.000000 7.375000
    0.000000 5.250000
    1.250000 6.125000
    4.125000 8.875000
    1.375000 7.625000
    6.750000 8.625000
    6.875000 10.125000
    9.500000 9.875000
    9.625000 11.375000
 13 3  1 3     19 3  -1 -1
 0 3  2 3     0 3  -1 -1
 3 3  2 3     0 3  9 3
 5 4  1 0     1 3  0 4
 1 0  19 3     1 3  28 3
 3 3  6 3     13 3  3 3
 3 3  0 3     0 3  5 3
 11 3  4 3     2 3  23 3
 4 3  18 3     22 3  8 0
 3 3  5 3     3 3  5 3
 5 3  0 3     5 3  -1 -1
 4 3  12 3     2 3  20 3
 6 3  14 3     6 3  7 3
 6 3  5 3     3 3  17 3
 6 3  7 3     6 3  15 3
 7 3  15 3     8 3  16 0
 3 3  8 3     11 3  9 3
 8 3  2 3     9 3  4 4
 17 3  9 3     4 3  10 3
 9 3  3 3     14 3  11 3
 9 3  8 3     25 3  11 3
 9 3  10 3     4 3  26 3
 10 3  20 3     12 3  101 0
 6 3  11 3     16 3  13 3
 11 3  3 3     13 3  14 3
 11 3  9 3     10 3  14 3
 7 3  12 3     8 3  15 3
 12 3  6 3     15 3  16 3
 12 3  11 3     2 3  16 3
 6 3  13 3     7 3  17 3
 13 3  5 3     17 3  -1 -1
 7 3  14 3     6 3  21 3
 14 3  1 3     18 3  19 3
 14 3  13 3     7 3  19 3
 12 3  15 3     8 3  20 3
 15 3  4 3     20 3  73 0
 14 3  16 3     18 3  21 3
 16 3  7 3     21 3  91 0
 10 3  17 3     4 3  24 3
 17 3  4 3     22 3  23 3
 17 3  11 3     10 3  23 3
 17 3  18 3     22 3  24 3
 18 3  10 3     24 3  108 0
 5 4  9 3     27 3  25 3
 10 3  19 3     12 3  26 3
 19 3  9 3     26 3  27 3
 19 3  5 4     1 3  27 3
 19 3  20 3     12 3  28 3
 20 3  1 0     28 3  127 0
 0 3  3 3  2 3     6 3  1 3  2 3
 19 3  5 4  1 0     46 3  4 3  3 3
 4 3  12 3  11 3     11 3  7 3  28 3
 6 3  3 3  5 3     5 3  13 3  9 3
 9 3  10 3  17 3     21 3  18 3  38 3
 3 3  0 3  5 3     6 3  9 3  10 3
 7 3  14 3  6 3     31 3  14 3  12 3
 14 3  6 3  13 3     12 3  33 3  29 3
 12 3  15 3  7 3     34 3  26 3  15 3
 3 3  2 3  8 3     2 3  16 3  17 3
 17 3  11 3  9 3     40 3  18 3  25 3
 3 3  9 3  8 3     19 3  16 3  20 3
 19 3  20 3  10 3     47 3  44 3  22 3
 6 3  3 3  11 3     5 3  23 3  24 3
 3 3  11 3  9 3     24 3  19 3  25 3
 7 3  6 3  12 3     14 3  26 3  27 3
 6 3  12 3  11 3     27 3  23 3  28 3
 6 3  5 3  13 3     13 3  29 3  30 3
 16 3  1 3  14 3     2 0  36 3  32 3
 1 3  14 3  13 3     32 3  0 3  33 3
 12 3  4 3  15 3     11 3  34 3  35 3
 14 3  7 3  16 3     31 3  36 3  37 3
 18 3  4 3  17 3     8 3  41 3  39 3
 4 3  17 3  11 3     39 3  7 3  40 3
 17 3  10 3  18 3     38 3  41 3  42 3
 5 4  8 3  9 3     15 4  43 3  20 3
 10 3  9 3  19 3     21 3  44 3  45 3
 9 3  19 3  5 4     45 3  43 3  46 3
 19 3  1 0  20 3     4 3  47 3  48 3

 4 8 21 13
    25.000000 0.000000
    17.500000 0.000000
    14.000000 4.500000
    14.250000 7.500000
    14.500000 10.500000
    10.750000 9.000000
    12.625000 9.750000
    12.750000 11.250000
 2 4  0 2     7 4  3 4
 1 4  0 4     1 4  -1 -1
 0 4  0 2     1 4  1 2
 8 3  3 4     9 4  2 4
 0 2  1 4     1 4  3 4
 1 4  2 3     5 4  -1 -1
 8 3  2 4     2 4  4 4
 2 4  2 3     4 4  5 4
 2 4  1 4     3 4  5 4
 1 0  6 4     0 4  12 4
 3 4  0 2     6 4  7 4
 3 4  2 4     2 4  7 4
 3 4  4 4     6 4  10 4
 4 4  7 4     8 4  24 1
 3 4  5 4     11 4  9 4
 5 4  8 3     9 4  25 3
 4 4  6 4     8 4  10 4
 6 4  3 4     10 4  11 4
 6 4  5 4     0 4  11 4
 6 4  7 4     8 4  12 4
 7 4  1 0     12 4  53 1
 1 0  6 4  5 4     9 4  3 3  18 4
 0 2  1 4  0 4     4 4  2 4  1 4
 8 3  2 4  3 4     6 4  3 4  11 4
 0 2  2 4  1 4     0 4  4 4  8 4
 8 3  2 3  2 4     17 3  6 4  7 4
 2 3  2 4  1 4     7 4  5 4  8 4
 4 4  0 2  3 4     2 1  12 4  10 4
 0 2  3 4  2 4     10 4  0 4  11 4
 6 4  7 4  4 4     19 4  16 4  13 4
 3 4  8 3  5 4     3 4  14 4  15 4
 4 4  3 4  6 4     12 4  16 4  17 4
 3 4  6 4  5 4     17 4  14 4  18 4
 6 4  1 0  7 4     9 4  19 4  20 4

